15.380721675805765 22.780049096860576 22.806772994077086 22.896207536339375 22.89255933550924 22.89050396265358 22.897761510578608 22.806771827126376 22.365292417103205 22.66875934329233
22.538787209680034 12.315133906246462 12.315133906246462 12.315133906246462 12.315133906246462 12.315133906246462 12.315133906246462 12.315133906246462 12.18380812287962 22.3345631360931
13.076533833571268 29.42510507492569 29.501067740779426 29.442241135592482 29.434468305775777 29.19957527234832 29.61683244696545 28.911025622941327 28.8271275952814 29.5752203763325
12.495306602380705 20.929644515471352 20.920421597529653 21.09133860547319 21.251499172682106 21.309180817700923 21.623559887655382 21.391663726323017 19.84687063772583 17.982585265212663
13.371550921767541 25.308874521942997 25.99231740809619 25.889699889111473 26.769565194463144 25.55770737347534 25.19362127669725 26.433799882788577 25.69615717470346 21.6744633517917
10.326067131430765 20.96052820797919 20.96052820797919 20.96052820797919 20.96052820797919 20.96510620493706 20.88610964916993 20.850005113470637 20.49847151535755 20.53285615022371
10.57283939580241 22.014641697591575 22.014641697591575 21.9992510380869 21.987614828249317 21.974414313222663 21.93846376720892 21.92210478846574 21.623622143044678 21.84510694308824
14.361416630433224 22.2172510417288 22.14444768759615 20.851812423670836 19.81086159012484 18.62590806187852 17.50782178964132 17.478165780893583 19.407377917326563 22.12650194821636
16.273123999432975 27.32018106657998 27.32018106657998 27.32018106657998 27.32018106657998 27.32018106657998 27.07751415959159 26.937077594435962 26.51787758447346 26.643018959160795
15.915090038984545 23.723823635106633 23.735074414187384 23.786417629967577 23.71435814005396 24.144601705738967 24.198522643313 24.262040534982482 21.651339950949676 23.147862587034666
12.794371986108622 21.915062723807694 21.895743680636684 21.84062189409095 21.719640183670368 21.67379664947736 21.77747492176731 21.787373132751583 19.73418502433344 21.12747630556661
11.583930847803948 21.935236929846948 22.033759855208068 22.183107857310652 22.765323916045148 23.139875038977692 23.917463845899285 24.16041055860136 21.692001495026418 22.10226375850942
13.578890485065305 22.7405886963904 24.150321543199432 24.359967486589007 23.687458301496708 22.968631633776603 22.185442646217403 22.933079343956514 23.876184691447232 22.239037228120196
18.05070282596873 28.093115286779692 27.30105154832815 28.130643905545366 28.104766228997846 28.487949916935634 28.281592343607088 28.255418012137934 26.512006136648694 27.375234315342066
9.985959988888853 23.141241909600776 23.141241909600776 23.141241909600776 23.062277494139984 23.071689606051926 23.18465539680424 23.215412188484486 22.277585870528412 20.904754776089575
12.90209925021479 27.995931019595854 27.995931019595854 27.995931019595854 27.676268555725763 27.714126097402527 27.65736556379974 27.595192302163213 21.2908246871621 25.271073528680994
13.348168703787241 24.26600990427405 24.26600990427405 23.901184071496544 24.126182196974963 24.156887175902256 24.183197259737565 24.021545494226974 20.895653647898644 24.45609343933681
15.821554006147984 17.62995470764053 13.01243303014435 13.01243303014435 13.01243303014435 13.01243303014435 13.01243303014435 13.01243303014435 12.341797312098034 17.142049275670914
11.315479908364654 21.486480553328967 22.76122823708354 22.828683866278435 22.827847246425733 22.46020562642418 23.164757379154164 23.561727965191082 22.11988326314305 21.245153572804544
14.409441210451075 22.29434458593007 21.87443521641068 21.949500090414702 22.526169116690873 22.64170857701962 22.637403043338754 22.254897852742424 21.851307062090225 22.091362089310337
13.247428841315678 25.6923252696239 25.6923252696239 25.6923252696239 25.64453641471577 25.7275902285167 25.747295825458206 25.613095007690482 25.275090087481832 25.23582784881254
12.502087584927173 28.12799055640008 28.12799055640008 28.12799055640008 28.12799055640008 28.12799055640008 28.12799055640008 28.12799055640008 28.0992279530822 27.117663808487727
10.743575182983328 21.10659076631691 21.10659076631691 21.10659076631691 20.79848105338765 20.387323206331992 20.559314865509 20.354153521774588 20.632429884107744 18.911098509213385
11.327395358940898 24.96834636682977 25.29106824725484 25.33745791609833 25.41088702548262 25.06200083958449 25.291525801694572 25.312720020352813 25.159203943046013 26.238564805777024
13.038725022453432 21.0660203851289 21.071684155801158 21.051211532107548 21.12088081842571 18.171398424844764 16.844108577040615 14.421628159100573 19.74747779877231 20.676098733183593
13.60677933455351 20.61311145838832 20.61311145838832 20.61311145838832 20.61311145838832 20.61311145838832 20.994957196060543 21.733233865241925 20.480377951204968 20.813080755715685
12.193096240576882 21.83184694619287 21.963713234769852 21.967724112011553 21.95385827144831 22.05813121439538 22.1707804388017 22.288038168600654 21.934007094459247 21.840109622239684
10.56901155769208 20.22125846816596 20.22125846816596 20.23489403808012 20.246994838051183 20.20617955548439 20.2164034672383 21.671665966236652 20.103031639077766 21.796751162791562
14.582358793352814 24.49419136926985 24.336849823852567 24.280341271343655 24.199879735174346 25.0946111931069 24.893189196618923 25.82345723168465 22.34555937484753 22.031421016533233
15.669578852492725 25.472529559550992 25.60636508930212 25.566135447041646 25.107118158313774 25.333554268409525 25.484891329487176 25.29924106276679 24.971544952012312 27.547274112251014
14.545908701227258 27.744525273291334 26.693242295824437 23.215483985783393 24.28801311187124 26.440899709995932 25.60379081915388 26.1651211275218 25.104658736110117 23.091174080522926
12.478178681028776 29.257669699310085 28.98580287334209 28.84549503176846 29.076804583864522 29.00115812244021 29.246133546771368 29.166090731099295 24.485472854591897 28.169963595021148
11.439070659525983 20.366785206587892 20.421721522893613 20.42917889671383 20.482129523518424 20.49670100090866 20.416587986560263 20.401683703292633 20.346621064491632 20.78760733766198
9.105638771029318 18.29001574026696 18.1745287307088 18.51888585917479 18.616392790443644 18.994199542730218 19.12258551753307 19.154077650845174 18.076243862597174 18.720700163440135
10.01423529128277 20.930977493725862 20.88972936541552 20.912067683018808 20.887797643916763 21.16495405197442 21.181703911095376 21.39374169314597 20.689398330228215 21.445934137006383
16.01356898565752 18.910742390622637 19.568572733032944 16.328757969360414 13.772402135829802 12.22040844113949 12.22040844113949 12.22040844113949 17.518439663978604 19.25221460995357
11.54643088760748 25.146111651148736 25.146111651148736 25.146111651148736 25.146111651148736 25.10273261291717 25.0559228825496 24.991612550491137 23.649697772664048 25.18165873633648
11.98815051729868 24.021377247003798 24.021377247003798 24.021377247003798 23.88823746268052 23.828168940854656 23.87470436185591 23.747569088169442 23.0599807894958 23.099942001392396
9.861565193174487 21.962629784528698 21.962629784528698 21.960296653290502 21.85616634433665 22.29186973806318 22.72092040974553 22.68182656866542 19.701523421932603 23.172596132119953
12.640275628463456 23.809488441784406 23.809488441784406 23.7940585115995 23.871697330205414 23.810857738998273 23.634903364819696 23.641144703108544 23.714988824638258 25.884267863752576
10.163107173074781 24.856207938215512 27.69971654749975 25.64633592120147 27.75373155346504 29.513772468103312 29.260531383936343 28.961056300022182 22.719339348583016 23.551566579923133
9.585392184633978 16.73718080691218 16.786227960250073 16.762010953441226 16.742513938484844 16.74054452309314 16.740788503939275 16.70896211990814 16.69809988835018 17.7484867242911
9.47413137852812 18.883276266483286 18.883276266483286 18.883276266483286 21.062345138470242 21.397115895366653 21.524891717253194 21.69357590416915 18.84732313345755 19.83941838064475
9.961266313637932 22.592641133942163 22.592641133942163 22.584766593803213 22.477781918851434 22.72967842493122 22.60592262976182 22.86884234284784 19.84642591294222 24.394213787971704
10.804056310309873 21.58565298055093 22.330441470873374 22.30661441244775 23.099885752366358 23.087552987907884 23.220624065828034 23.233864910556413 21.701007345414943 22.27815737342263
11.556628854984599 22.416125831600038 22.64394440423694 22.262464235730356 23.16057553526246 23.398736113926525 23.790710597022475 23.81952542426133 17.84654974149437 23.527189940065185
14.290754337966714 24.78754102441603 24.78754102441603 24.78754102441603 24.847420447159244 24.904452805134202 24.87329052528612 24.866943016447543 24.747575385910405 23.916826503058264
11.400414430770788 21.438521116668348 21.256160441898906 21.561070395590644 21.91345498397682 21.783112607218804 21.61931766408975 21.71775039815476 20.25864491277982 22.776290291070353
11.867267928206264 21.05752256315772 20.78357366739634 20.840274665468357 21.03511416353083 21.103538489905304 21.081524316433274 21.151582887846423 20.535164561711618 18.71093350048215
11.726873019537742 27.545342942436648 27.545342942436648 27.545342942436648 27.545342942436648 27.545342942436648 27.60806225697783 27.673478077012717 27.46688854968359 27.516951828428702
9.016852006467854 18.721666088062317 19.68889319187477 20.043511366858844 20.424075720913464 20.528546170100874 20.423764218465852 20.33961475120939 19.626406495411647 17.390576382177578
10.255461905352936 21.550555117563903 21.544043551014823 21.560139451437188 21.728434668474314 21.765473851749853 21.757605134298963 21.768457395514478 20.711281697802548 19.930392041385648
14.991135546406174 23.661955188070376 23.661955188070376 23.661955188070376 23.661955188070376 23.63787756060416 23.898563267716476 23.773597015781966 21.62490279762777 24.382503944218836
9.721351908866232 20.026199411729362 20.026199411729362 20.040083310878686 20.294246382474384 20.142486169256216 20.10712410073982 20.198853940789693 19.8372885473587 21.52814067172409
10.107096705307608 20.40100863511369 20.40100863511369 20.372390487728424 20.394579957015125 20.40179981456655 20.412619337953338 20.412506709950286 20.196353715992093 16.682525053170092
9.12491796857968 20.660041247329666 20.471275602132465 20.269039855032972 20.227836725712564 20.706361628483933 20.583761278795734 20.31411508449514 20.07880015033368 22.951813084267375
10.276232580118226 21.064167898106106 21.21546340201197 21.308951856616734 21.419985933240596 21.333469067920056 21.66426737776768 22.578962596640174 20.86493278177031 23.64074640771851
16.949930369560345 32.27221803528515 32.285955850749666 32.25247527630152 32.19729304150664 32.24889494354056 32.05906863685647 31.61756612469906 30.86386697466486 31.38120525065185
15.498723493838003 25.489974384230017 25.489974384230017 25.489974384230017 25.489974384230017 25.470251492628417 25.48405517965136 25.3983257084326 23.9268003757278 25.294801773677584
14.220708261840029 25.62864174515067 25.263539822732668 25.08069815220164 24.99704542073088 24.889652202020226 24.79409892571757 24.85881830048333 23.18117228123153 22.219131070898776
16.515677065603295 26.13395169571712 26.232804724191364 26.295984676544357 26.195772790439868 25.953978853893574 26.211939778782508 26.23043777030141 24.890569517645314 25.87206011897453
13.918560758371502 18.307019961439384 18.147543558415066 16.55281271896811 18.68009641534127 14.049709149616938 11.741631133967799 14.216185400296332 17.649560824470047 21.07105255098753
12.806756792939487 20.429904902152906 20.581836065408172 21.001688422755574 20.91434524972367 20.669625681121428 20.106360728406734 20.369767503770824 20.381519224248983 20.76620740299807
11.652099005503288 20.19513125374813 21.032323067668067 20.61021763790496 20.375319156207468 20.0965034026194 19.76805121424563 19.497863207531626 20.955560192293095 19.581647594190184
11.89978504100538 18.39412560820337 18.39412560820337 18.39412560820337 18.39412560820337 18.320623217235944 18.26954655870265 18.268805732014954 17.987129364779427 18.00636320257716
10.642377623090965 24.080436174450448 24.080436174450448 22.273089423586786 21.73846696087262 25.333007826533354 26.314163151423877 25.96261587924331 23.810409590511163 17.39637254718286
11.444989878543614 22.3637953064293 22.3637953064293 22.450651110239782 22.412433349419516 22.470913133093067 22.418765674271146 22.362436654490253 22.20416803196326 23.359714837291445
8.969537631474813 22.604234556451402 22.280720964109378 23.373144571971444 22.444798323983683 27.58411681307965 27.32549345698379 26.972189154842088 21.9683621384154 15.66690578786281
14.379958340411832 28.601259987758926 28.601259987758926 28.598951314561344 28.507197357677324 28.481233247282823 28.493368585645435 28.47319974272397 28.469590941042927 28.59600603755791
9.965310967073883 22.792878124681227 22.91155776882933 22.769697283184055 22.56877991665519 22.28742918160063 23.164416863121758 23.0231646209841 22.90184591651768 19.040282122550398
10.231423665594335 19.010066365970538 18.969020410979212 18.85319552050989 18.778147665650422 18.717993277782483 19.525039217057206 19.771696287845565 18.80426244088302 19.98568342507998
10.034457550348574 19.885305520290633 20.48446417905414 20.691796429671477 21.269013501821394 21.036612921140158 21.124004102360093 21.90593959781266 20.345795251165526 24.123359925995867
10.364339076399638 21.3114046090018 21.3114046090018 21.3114046090018 21.251844177978537 21.21668675144384 21.12892428412969 21.022425504528123 21.137325719500417 21.861594002625285
13.510924047435307 26.984779036873068 26.984779036873068 26.984779036873068 26.934147662877898 27.043504758335537 26.942256021592105 27.32170716104219 26.945454883910834 27.288211036562416
12.111343346622952 24.748569826934563 25.31571569410336 25.01638362662149 25.393799551787545 25.27294023855042 25.349318949683163 25.930170393553826 25.281589124015845 24.359204968602405
10.831325087504535 21.116494436914483 21.116494436914483 21.396076120684878 21.274001261303916 21.22001806504744 20.645615257761598 20.866382893397258 21.107893823475354 19.70289109437815
11.68036361075223 24.970666925476806 24.970666925476806 24.970666925476806 25.136125920608233 25.065885576808693 25.10438583413784 25.05417694514534 24.879968011330803 24.770830700866995
11.08306835953185 19.3819136679322 19.726177558089738 20.23358758657139 20.055355853763817 20.08932051266827 21.30925291584812 21.784148491876536 19.52584305507864 19.461228370683653
14.260176254609732 29.051147251174235 29.051147251174235 29.0279370169905 29.04518172441125 29.04391785800623 29.06321519828535 29.018621800101357 28.55748525589394 28.15600566748134
12.325387322486858 23.57438341988243 23.80899062254562 23.826914462418458 24.494976814437678 25.819968732032443 25.60050182208784 25.171203040569324 23.75007002235656 26.118609741698787
10.52668738182319 23.63753270722841 23.63753270722841 23.63753270722841 23.63753270722841 23.604726192025552 23.52460994452364 23.49560531104227 23.125235981540165 23.03937073518611
11.506079156566686 21.059790787278697 21.370220732140297 20.859993813263156 21.617318047068018 21.52044278486107 21.63244125480723 21.528548894030028 21.083922093654635 21.120979979757557
9.60365885287622 21.30421572256287 20.423802832020467 19.541025145101983 20.468542543757064 21.313619288480893 20.97497496273748 21.94542465392891 20.155188140215618 22.478457866144325
11.685191862447368 17.641525492956852 17.768898274892567 17.723889180383537 17.928400490649327 17.214302093968428 16.4602970852099 16.074214020648576 17.226716024706057 17.53945296776243
11.755181105102412 19.613229954213566 19.598364312254205 19.464468617294443 19.55838161012562 19.524633410748777 19.40252237604585 19.327170231992604 19.545471314465168 18.33507169917233
10.804890840523218 21.86554440739817 21.86554440739817 21.86554440739817 21.86554440739817 21.878833342957286 21.87983821628012 21.867443904987702 21.750212977196814 19.647761876544877
12.745810527206121 18.51889945796976 18.53397067585576 18.48946084890199 18.440456738299005 18.43633256708958 18.43075836696894 18.40521763442799 18.328571413161754 18.616100494832928
13.067684027873092 25.22054005660347 25.22054005660347 25.22054005660347 25.22054005660347 25.00727246586687 25.145378897585534 25.191452206379044 24.124295064411946 24.97357625537572
10.662233742606432 25.532831495251763 25.532831495251763 25.532831495251763 25.532831495251763 25.532831495251763 25.6434486968466 25.83600592729304 24.764283598237288 25.48337588140031
10.715998056858814 21.580733971921514 22.34006790633209 22.220253203386772 22.491547102964585 22.772513123728345 23.001780687118995 22.54431392981278 20.385740018740055 22.824340357302194
13.467492966852657 27.611548885733455 27.280082191062466 27.001334463619116 27.40294510827365 28.324400109201683 28.686504051616637 28.884904622505438 23.102445855579564 29.418823699299523
15.339189377323718 22.872938400149895 22.381345499814323 19.668056226183225 19.207342586945185 18.089724993225445 18.60272689484345 18.90616013189002 20.881988650658236 22.58320322546303
15.713075701741435 24.30778284961356 24.30778284961356 24.30778284961356 24.220225404657757 24.18527365829812 24.178804955908404 24.166454046304274 23.161486093862443 24.159071672776395
12.31450373155785 24.48360259785329 24.5183671490425 24.105685704020885 22.544465893948132 21.541351907739156 18.179007940745592 16.391993643292842 23.0245379131433 19.3078553193002
11.543255181578672 23.056542643377362 23.056542643377362 22.9409981646997 22.592955380830286 22.64942303017318 23.073131752277583 23.925310999055775 22.917164987736207 24.72434281263258
16.59876092573922 8.683934187222787 8.683934187222787 8.683934187222787 8.683934187222787 8.683934187222787 8.683934187222787 8.683934187222787 8.67108009124323 12.126239019077937
10.353582480984834 19.86881278794555 19.86881278794555 19.712661832145034 19.704483501366045 19.553741904402177 19.699852082907633 19.693119119391007 18.70918434121666 19.53819422313142
11.459889821786053 21.89379756465611 21.89379756465611 22.018268272561286 22.540656250362808 22.275599769731382 22.165529333994964 22.48495324574753 21.287005948443955 23.825310337269457
10.683004610229128 29.27596297653464 29.381333586737618 29.39144578997602 29.507788661225383 29.72658669256106 31.207563466009645 31.563290586926605 26.10893697405735 31.70598793409014
9.238487442913287 17.791833983070727 18.25964754019919 18.263684040671635 18.552533877433696 19.11881496483572 19.02459641172524 20.145742825584108 18.249302132054915 16.20082398316716
8.170933779855988 19.52361341396428 19.52361341396428 19.590007554057657 19.640851605385162 20.352802117957488 20.389504209074445 20.232995279258933 19.206433608490276 17.133821697834122
14.75162225662608 17.833082731218465 17.05172643519145 17.80051534020601 18.58370907677316 18.695588756471288 16.722224383553055 15.126879375977389 16.252991698561647 17.73747925536738
10.677173431858986 19.47588178816635 19.6548544663866 19.671510706573837 20.797923428827183 21.31664252392705 21.39971400690213 21.910089457569654 19.570682946292678 21.30195361350626
15.053269319783762 22.04133538481585 22.05014791692563 22.087283507623553 21.702361652543203 21.53386653281973 21.44118417312618 21.782611477914987 21.208694982189705 21.434088709439905
12.045170190943084 22.77226922462084 22.504525753909697 23.363109554214795 23.22133682063347 23.387964181918704 23.49766871510793 23.651969136779115 22.471871473313612 23.49714488710213
11.861008903245603 19.6606111966361 19.77363660222676 19.93217766026693 20.12791383983498 20.32113718911249 20.033462677716308 20.713487365594357 19.761074702597533 19.52417704194748
14.396252320160093 26.327694093080268 27.969511194271348 26.956397689395025 27.389731695859485 27.9569171941531 28.28938351529123 28.302538435361647 27.504324769356433 25.690183215896433
14.782477400206357 19.420881697971097 19.236784896804238 19.34506199794654 19.53666040422581 19.579889635110746 19.60634020681545 19.60505039769611 19.08547620813867 19.5588789366549
13.170175146061581 25.705490346516005 25.705490346516005 25.705490346516005 25.67746992744755 25.75257558121132 25.770998568339778 25.68795688213903 24.270141450058375 23.898787179163055
10.779605763800458 18.71509829317139 18.71509829317139 18.852680882738383 18.830180590883526 18.814270898689266 18.881757284266506 18.898428557480123 18.71509829317139 18.675082711207892
13.214517592537074 24.17572393002049 24.129123743119216 24.064605967315515 24.084801062920583 23.87708285307196 23.834991141023238 23.73389998862838 22.501908582754552 23.556303603213887
13.92937413909863 22.90228508006592 22.90228508006592 22.773974747116036 22.663866813771243 22.720550179219487 22.81725460801087 22.7747086392342 22.465323999590762 21.78191373182784
11.91439309332875 24.96348504486564 24.920783901515545 24.81622933240314 25.13244244746442 25.111165151047835 25.163163710078962 25.220792438449617 24.66173525666847 25.40090469391368
12.679535121046484 23.46204545664864 23.45461252137877 23.486568682196957 23.42260745479031 23.414876299150507 23.51414785475078 23.53947569744026 23.078232968717515 23.26693061110509
9.638638910293935 18.042289108883217 17.961638050228736 17.965620641533874 17.869976807222805 18.05224399708028 17.924316217624327 18.411907650525595 17.250127690093006 18.211703266194093
11.020181050548285 19.039584303194562 18.99662392804618 18.943081914226564 18.829670022190697 18.80376442705878 18.74337537030222 18.747735473550453 18.26126937500018 16.708747129791565
10.064672894004708 19.97553741950315 19.97553741950315 19.97553741950315 19.977940804654995 19.985824957022032 20.005135239800783 20.119408648099302 19.8661156056064 21.187870462414914
16.563645469546458 12.826449966603185 18.29506662448478 10.61040083060687 10.61040083060687 10.61040083060687 10.61040083060687 10.61040083060687 18.278842345757198 20.04450098698561
10.482595708858558 22.36297606060662 23.10546891555324 23.27826715458024 23.312572913612684 23.5714160395761 23.98678951516031 23.84889456896611 22.543047463708138 23.681714440127926
14.657079310877881 23.54073019959632 23.449185079768945 23.444723791116452 23.472604659852937 23.38489524984211 23.315255285402053 23.372385565239362 23.3734598236412 25.886804949998073
13.289022697865853 26.351453639016626 26.209581327660196 26.242206240632342 26.12352058606804 25.781081256037655 25.725354796990576 25.791147837176197 25.45308777527698 23.490620043970203
13.492078752389649 25.502458219200037 25.502458219200037 25.383942276159978 25.338373960055463 25.267290761644958 25.428020775456126 25.356628475744746 25.117839940084075 22.645288239754855
13.64538140090647 24.544342959955085 24.544342959955085 24.544342959955085 24.68790239994965 24.13713904562908 23.223358616847474 23.733619974636696 24.044533312637625 23.17431637178327
13.764389324483965 23.271129964258336 23.271129964258336 23.278201827289923 23.18598132511696 23.16343981410448 23.09907601358622 22.964305811767268 23.021040043040518 22.69305882324304
17.059137040562618 25.339801418305427 25.212876806391506 25.42188595233128 25.5089929186521 25.513189944885024 25.39797873348175 22.536189824374063 23.843205993736305 25.202376499002874
11.89239134200105 20.65717341989155 20.52964421781067 20.950363909374662 20.876957673575642 20.788198626737312 20.964498478756795 20.824731067869145 19.725344831583666 21.924841799269327
12.816093863224449 24.827088999934816 25.183309002124208 25.530277613819447 25.759496446462947 25.76259377118634 25.874726991937223 26.668558842874287 22.945405303547886 27.63457246601304
11.33533692425168 24.627204605339852 25.16895801942692 25.152925199147333 25.183404698682953 25.527484572761892 26.006848681087952 26.030801696698465 25.16509160961006 24.742188886500074
10.7578343370996 21.12615287562875 22.20869815410479 22.661461831326935 23.087257544342542 23.277244504978093 23.723663172137982 24.305567775783437 19.782876189606775 21.441018536321828
13.323219403752615 23.77466288922429 23.652472514123126 23.739408593619288 23.56678692730477 23.534767179573464 23.43731194699815 23.673582924156968 22.895773883690165 24.25069398825398
10.965742126210289 20.387027438084118 20.415190590962954 20.6147863710098 20.817814072185374 20.949128144358763 20.96792518775144 21.242319271630056 19.893114382538364 21.320950166599847
12.579171755191968 27.44345953427088 27.44345953427088 27.202519663071598 27.329314280298323 27.312180097975745 27.056069347318097 27.079218944615135 25.427651386572162 25.837397502921572
14.085481260009784 23.155871667799225 23.23163495787069 23.183203246564435 23.15495273250957 23.058282019281204 22.98754788064922 23.021437683660196 22.135379370505923 22.477875316650326
13.584055167939624 17.795950356555412 17.783402765594012 17.778180923144816 17.749506028141166 17.76279774979167 17.76269215777453 17.769607491357778 16.789187663967606 17.628499035886826
13.218306232119406 23.044559179846615 23.111503622267403 23.438709965212215 23.174625630062987 23.748785067461462 23.560885994470194 23.388613245117437 23.023689487641292 23.846974703551655
12.711673423273055 21.497754083899515 21.823621983312577 22.0819702055954 21.996535442166525 21.899927473385663 22.114901107385762 21.781637347636096 20.487406345480924 20.236480170034895
11.612733597864144 25.800541531514565 26.01355049490462 25.750381648919785 25.7828948976938 25.832768111284466 25.572569408246487 25.449811540145486 25.726097400497427 25.438200688902015
12.592080748452055 23.68709424420643 24.33850765210029 24.26140249546876 23.857840157297655 23.662465250726132 23.547735404177097 23.65708628112133 22.600035601112545 24.08834714845264
12.073427541656635 24.49012135967232 24.49012135967232 24.419709067936278 24.17625344105985 24.07163434764312 24.008294095684008 23.945579793059814 23.88205292964516 23.192732964417033
13.9849436023269 22.868348484677337 22.95262344622015 24.23686797652921 23.873246830193878 23.963231087605095 25.082158972314833 25.049063717188087 22.756099630321746 23.98144056633821
13.479828440924981 23.592761789830803 23.53531427322947 23.46881024055438 23.514408422875206 23.48191926693478 23.57515945404686 23.715555823774107 22.323181928339135 23.766279463341814
11.220137197068322 20.203283795160942 20.203283795160942 20.203283795160942 20.203283795160942 20.203283795160942 20.148631113175686 20.149546038549513 19.623356631674895 19.89124257396879
11.895378748334602 23.333247022018835 23.333247022018835 23.333247022018835 23.37965885563419 23.402970407131885 23.33158353220524 23.375883549475915 23.333247022018835 22.92992577840918
9.547081149415055 20.86784274043775 20.86784274043775 20.86784274043775 20.86784274043775 20.84853010318106 21.079257738548073 21.146691260139946 20.691150327869273 21.509570916295004
12.432304572675282 26.09907608172348 26.09907608172348 26.09907608172348 26.09907608172348 26.033187790867167 26.20502620079813 26.176784825759945 26.069539771400812 26.138350050563695
14.316230731104154 23.80784543029369 25.361238382331692 25.693164568593595 26.08844038094273 25.999239252975848 25.997602776910597 26.471686338293516 24.642574993521812 27.282847173721745
17.035243656054625 29.71594712932926 23.556719578234052 20.66018156020248 21.433017838428874 23.09748970721388 19.690756170611337 17.670647506884013 22.59113156007491 28.376799460964584
15.266943509288131 23.347548308880448 23.347548308880448 23.347548308880448 23.30135109013884 23.335163744744932 23.322240281522525 23.292708633458354 23.15490159649691 23.150172082354324
10.262928093237818 25.077805108003655 25.077805108003655 25.077805108003655 25.077805108003655 25.038626806682075 24.984880249289713 25.046776259203867 24.84852879161293 26.523007605692808
13.092398951252445 23.95242096806358 24.131733908733413 24.055059330328383 24.061211958602406 24.556434395306162 25.189738356076482 25.51640075112975 23.61768582903633 25.72085542409289
13.95412528038996 25.63181086000583 25.63181086000583 25.63181086000583 25.63181086000583 25.666061642039637 25.64462239716193 25.682422307586748 24.793850593620217 26.803833203074916
11.127385825686334 21.386758084831747 21.386758084831747 21.764667978123562 21.60024493808365 21.5670181689014 21.188169987426633 20.860443918680737 19.891504080295604 16.970899024186416
14.428923285908992 21.508802016270234 21.584100670796392 21.587175393602948 21.398917336227655 21.424183982905205 21.303047261620314 21.19493017669818 21.08538174663346 21.85459296088291
15.392618497579933 24.068583057368784 24.068583057368784 24.068583057368784 24.067455734147067 24.028885510691595 24.059937996310836 24.002278508285876 23.93050816669856 21.876957172013057
12.518746903388218 27.494690665912863 27.494690665912863 27.494690665912863 27.494690665912863 27.555915612243155 27.337251407405667 27.171313431923394 27.232985902199566 24.20811382886705
11.371500295226886 21.74909134456799 21.74909134456799 21.748007393608262 21.71505977256504 21.677233949742313 21.671884968168666 21.653410823529946 20.748757812744792 21.158514705410955
11.681705765598325 24.011464318815857 24.011464318815857 24.11810929705474 24.13318528501656 24.932960788925875 25.416274883608203 25.39778965734264 23.941833859283665 24.195887928427577
15.40104662556034 23.34803596699914 23.352922399428124 23.207297629261188 23.190507383888157 23.28061474733339 23.29208853436675 23.786257437006547 22.719644153282413 23.96505508746052
12.780623824804199 21.45554158238404 21.45554158238404 21.37826767309791 21.401549925199692 21.421156837126304 21.47791720474472 21.485587937931697 20.98508086739914 21.012327166129495
14.743304889701069 24.709934073942964 24.689023468440723 24.859577897654965 25.051033242936455 24.60518709445228 24.76727758356906 24.915113796670095 24.425607640393075 26.42407917963718
16.277945484829264 23.8652137421722 23.8652137421722 23.8652137421722 23.784392014028455 23.706882802616633 23.710960587556645 23.680608977632062 22.437692050482568 22.678381076331846
12.902818690069306 18.56290230244278 18.857689146171907 20.0708495853871 20.491238202825404 20.466277509460863 21.26813195257943 21.32037637149537 18.841579264218215 20.328131208293584
12.981902831024323 22.002193490975547 22.002193490975547 22.002193490975547 22.102236583187253 22.130348069966775 21.760600497208618 21.77396996668334 21.764052401621278 22.396786777898214
13.488241053045389 21.611736055407697 21.8120307236892 22.085569725165595 22.605850949430604 22.734510717892313 22.691460913469214 23.215450366265497 21.756936848451943 22.779298131915382
12.943984183918102 23.688471788091825 23.284509140516096 23.146756114347887 23.31121294335467 23.229805682778423 23.78473094507893 24.641005042672216 23.11175947832747 20.211107832077005
10.97414455360897 21.927402682778908 21.80882271198805 21.763028690860054 21.959064342098202 22.091667593018617 22.22943596813615 21.995895845511647 21.07491195639092 23.19567965647853
13.116825477998667 25.247419862402488 25.247419862402488 25.09751633699643 23.90234521865347 24.236476451286805 24.4272604438456 24.449797855122462 24.07276032658244 25.01439784511983
17.55316262439036 22.090609638894367 21.548085238084994 18.90001020899754 18.202673784476566 20.592412149412873 20.50488473143794 16.227258343007065 20.975180597642673 21.415669574907493
14.009260773620095 22.36825402126641 22.11372660958662 22.20804850970152 22.086128920373266 22.06700078355983 22.22477247437578 22.33431780288532 21.76770986287967 22.23996536782568
13.217743457647504 33.017544851796345 33.017544851796345 33.017544851796345 32.995215803644925 32.73813211990167 32.77810224220672 32.446924693768494 32.75366667238798 30.048417822745716
12.238307593793776 23.788256454167545 23.860330148129123 23.73186357757738 23.44024802766836 25.67547424029138 25.4612694213867 25.993019736074725 23.099932984853375 25.959116457853902
14.711044491851812 24.116715717173083 22.93565681843188 22.831641310147624 23.92960552183954 24.563804938238484 24.867001776085154 24.505332258641225 22.435725663130835 25.021162493694256
15.22460801636986 25.052004098716676 25.043541552491725 25.00879555031468 24.96196999199093 25.048813080756066 24.901969054076126 24.850607246067142 23.180065415229784 24.87954231558906
9.437452349472524 22.157835796937352 22.002564757631383 22.511179276063274 22.596268761089526 21.28435104630638 20.614124898013255 21.26671985406812 20.693489736122075 22.519846148969577
11.875282436831498 20.6604485547416 20.72352262304768 21.363174287394887 21.494263048243035 21.43854032465613 21.220906685084685 21.124804937297547 20.563052782418524 21.238904030431232
11.17589968520467 21.973569634570392 21.344953715403836 22.047484904562765 22.289811655103605 22.10051088511625 21.756621375468942 21.68249874661094 19.496701748566547 22.103775646776818
16.22868327980221 25.6933806881922 25.732237343889715 25.64203843333212 25.75655540607349 25.70864081238289 25.705999151094034 26.061328183205596 25.23663160973076 25.578883053001256
13.82420994365046 22.591129771060537 23.303649557037353 22.406733384005616 22.537209594404178 22.758914424006484 23.32705749177054 23.39136785836059 23.296140970837634 24.339520460737152
16.391711804611493 22.625757546930387 22.83906167163623 22.636920847867536 22.664111350167676 22.64125136496073 22.40501765939927 22.071409311818606 22.827455215731675 22.448747383449422
13.20321734021537 19.431190457656633 19.524697748935992 19.49195016173693 19.52533725473915 19.639948059076502 19.57908942171922 19.3476891518474 19.444633093599897 19.10266794192176
10.6540699179316 22.308988822061146 22.40024871200113 22.334894727197433 22.319965969463684 22.348233600475286 22.582393000792848 22.560625885185 20.987663709943018 22.16027954294522
15.544155915211107 19.67508308455283 19.8721908617857 19.866914424079265 19.776954879134763 19.70738040190588 19.63082856340753 19.80636376241599 19.79591523833218 19.86165106897629
11.23674260273228 24.448901501410067 24.448901501410067 24.448901501410067 24.661910259226488 24.702221958790822 24.963137148369267 25.36601002436655 24.221144375073578 25.47297477532473
11.190676951236613 19.396218836034237 19.410450953666484 20.355303607503117 20.32055915349069 19.58744445393936 20.071933042655946 19.939763233538127 19.349580814502147 23.334460833545062
14.88748892989166 20.584326658618725 20.2736321503346 19.19070005282878 15.780152670437449 14.882169337983457 14.71210850543766 14.705749622677203 19.964904486249488 18.91127587885003
12.76997706872216 16.673427849346677 16.68058212615344 16.698525236544842 16.725013627573148 16.75719722559055 16.77078174017584 16.761547029379777 16.59781286187809 16.81056410528435
14.543298237190353 23.820243777989173 23.820243777989173 23.820243777989173 23.820243777989173 23.820243777989173 23.695610612451027 23.64025624814738 22.422600090559285 23.335410497140693
13.830684016069698 21.129318902681536 21.129318902681536 21.20997019798353 21.29964182021366 21.271240987622978 21.21765414129896 21.21781794946227 21.08922854941113 23.144955158182018
11.507698894533133 21.321870413751025 21.04383841878317 20.842321330811593 20.61661368389046 20.689587971413758 20.50139032343681 20.796848308380255 17.833458632269362 19.946093411954497
12.817592203952186 22.696782213983184 22.644163653931702 22.7502476916397 23.460272370552843 23.725183724772844 23.743773487533332 23.970569403245495 22.036559264312746 24.06062152670692
11.059417107252516 21.279215712332306 21.279215712332306 21.279215712332306 21.279215712332306 21.279215712332306 21.27933105206289 21.079573124870926 18.087780543392014 21.20809621099071
14.878177706001331 19.67864411236931 19.644476748733087 19.636358152933937 19.636384739942155 19.620062298054332 19.62289836661104 19.61617876669744 19.58542615618086 19.452617402270718
9.887788451112144 22.412935541058093 22.412935541058093 22.412935541058093 22.38196633082065 22.33495968759272 22.340551841333767 22.427999361541076 20.172133039863045 20.983595482357757
19.23974157562094 23.72464950462868 23.944402649641972 23.917019629912378 24.230129117753844 24.147899707803546 24.08376938833396 24.259029883532797 23.917369657598357 23.761588430902428
24.712226916175183 23.7070114591501 23.7070114591501 23.7070114591501 23.7070114591501 23.7070114591501 23.7070114591501 23.7070114591501 23.172668635644346 22.00836148305602
14.46731378418937 20.57145972638726 20.57145972638726 20.57145972638726 20.57145972638726 20.50984419799027 20.444219431529767 20.42734516621957 20.567685224312804 19.614047673047015
17.66222433597396 25.327631981463483 25.390159902041578 25.410323682723195 25.359981021062666 25.23912925395795 25.311822067281582 25.20057969339007 24.057080620019505 25.33647891832006
14.42687409012763 20.0798823752249 19.44916576630209 19.561135819401102 19.471835388322248 19.715475330927617 13.381809693997011 14.27987184279482 19.29514368009532 18.946765064183634
14.234901182501375 21.185703797429667 21.34934576551437 21.511690207303495 22.09828276040696 22.271092884486162 22.346579196744095 22.313955790895253 20.88762410991832 21.834234832013305
15.404200525975913 22.08402150958804 21.959967444429424 21.872880456064205 21.76333993907171 21.705986424626218 21.924161194193033 21.962643983212576 21.764821286613014 22.25412446548677
15.072577858458292 24.278753080512033 24.278753080512033 24.278753080512033 24.29427528136113 24.212641272676606 24.097924381056032 23.936028876992385 23.763205709536752 22.157463131615675
18.396283306395294 24.651823405570333 24.651823405570333 24.59706769926681 24.561316242265647 24.513355547912333 24.503477003215338 24.512884704313265 24.000475165536756 24.388730377170265
11.422715149005377 15.289822537392093 15.43594588599943 15.562133636803681 15.482327662636832 15.49986219222288 15.558292838752863 15.567480029843292 15.368415294559526 15.65262349300508
13.916954792912907 24.056510632425567 24.056510632425567 24.056510632425567 24.01425775665355 24.46257499634688 24.647514280186474 24.748826533091083 23.604910289703525 23.349641197605486
14.1332334144807 27.015312349101173 27.19167767846966 27.901036974957847 27.9112481662697 27.335151690311292 27.344634779296285 27.00249867794691 25.7106286486952 27.875887971377825
10.410345113469797 22.266113648359436 22.186837692264064 21.983695450374377 22.3922320986425 22.789073724937154 22.96838252450758 22.671440655246084 22.070978699433454 21.876829945659566
13.36065131816766 23.411366973293152 23.411366973293152 23.411366973293152 23.411366973293152 23.31254479810336 23.193537324300607 23.177626359875223 22.331005620557434 19.546630467436042
15.961790775007621 26.240184035413993 26.262820462096883 26.12319333898911 26.093209709956948 26.063465015683697 26.04523799642601 26.033652791791848 25.265350082478882 25.696866676803104
14.486564976501077 24.004378215795587 23.92234316474562 23.86591545189232 23.915896483544238 23.92874201325169 23.948036889215892 23.95601023039559 23.53035630230444 24.029577315545833
21.36554909398104 15.877014611644526 15.877014611644526 15.877014611644526 15.877014611644526 15.877014611644526 15.877014611644526 15.877014611644526 15.717840611184617 15.505791082539286
15.68869333186533 20.081827812838796 20.081827812838796 20.081827812838796 20.069932480537766 20.048119147520495 20.037737338850246 20.00479470344959 19.936650312139903 19.711176112358583
13.255550665934528 23.712601367797266 23.583934258623074 23.540752308610507 23.44853050865717 23.674441331622628 23.405608975959712 23.66238938093572 22.058892411311422 22.96329432186086
15.042362124479627 23.359789207558524 23.258550469198838 23.250082143050214 23.240778436603435 22.97551436666644 22.873092632901 22.955080528593324 20.751605112607706 22.57262316697784
11.044704822105068 24.00526851537809 24.01270060422241 23.852276686795825 23.79149804727855 24.37154283729363 24.534336919540355 24.82802417030687 23.792968586041074 27.973338258914758
16.115190491750294 24.16526726118417 24.79535760591019 24.682245480517096 24.661299221912664 24.603843773580838 24.609274925980174 24.476030875442735 24.369820970722063 22.968380976871746
22.20301095074451 24.51008182635491 24.51008182635491 24.51008182635491 24.51008182635491 24.51008182635491 24.51008182635491 24.51008182635491 24.42991285190161 19.07032164353521
14.060425264602738 22.616836784646935 22.616836784646935 22.71463864940962 22.684527560632795 22.80199637457994 22.718646961617168 22.659711549619317 22.530520484207337 21.35846943886539
9.98474335358589 20.897752566303755 20.897752566303755 20.897752566303755 20.942816104911422 20.7449412741367 20.846566788744543 21.019971293263296 20.776915679894763 21.79595831723845
10.34077952981848 21.625719698565277 21.595502053892773 21.573925369755074 21.54133829506042 21.556359091886918 21.630174659752825 21.618925725390085 19.329748968381203 21.54644483151199
10.920937159227782 20.799162433149377 20.799162433149377 20.799162433149377 20.799162433149377 20.83898147305911 20.891369758440504 20.989082019018742 20.73836121045904 21.950942199138467
12.71548674488772 27.39402351107747 27.39402351107747 27.39402351107747 27.39402351107747 27.566716990001318 27.519603388116963 27.233326691323075 27.091110708520052 22.7172872234704
11.940016211455005 21.924981605571393 22.059051008522502 21.827578705639617 21.749229976474904 21.39481420961435 21.24131648870291 21.77086858770792 21.288455189189243 18.705026499116485
9.709519578647948 20.752491903603996 20.369977572731884 20.36073409708107 20.599878497192105 21.191899412086794 21.606387475872516 21.25287391868349 19.69810751829876 21.49590811644451
10.59785863039189 24.085115973462962 22.74665492415687 22.431409449760377 22.329604212624083 22.692738638526777 22.560449709719972 23.142755112225466 21.592986926963928 23.497003376214572
13.795665566478675 22.918789212516796 22.918789212516796 22.918789212516796 24.162964474121456 24.211712810841842 24.293015899179924 24.54604342157475 22.627937082613222 24.49201287060697
10.25671028930823 23.906705857861986 23.906705857861986 23.906705857861986 23.906705857861986 23.935874840571053 23.872692841170288 23.886886701138465 23.48992748271522 24.110848669587867
15.601833249301269 28.284859834550375 28.256575925689962 28.27667926433175 28.202878448612832 28.171570292007257 28.00166216243886 28.059256768613224 26.116507566784975 28.38879304528964
13.805681314190233 26.446826236060645 26.241788569882083 26.34975208549275 26.239018746512883 26.07058238097821 25.97076110263258 26.028616751891988 22.762529095623126 25.665079948560138
12.996229447104387 21.921438200886687 21.660216631870583 21.67261843299753 21.77921561667498 21.810634571384064 22.108852312981657 22.45827790342686 20.831792394800775 22.356062328779295
10.134561354019255 25.642409327365137 25.642409327365137 25.687113807011972 25.80159451233154 25.75470594876424 25.766214467953716 25.78537703652581 25.1728420712587 25.836058800059554
8.768471062658655 18.571509473119196 18.59315519076475 18.591596358649912 18.623684782023652 18.793643178891593 18.78122737432014 18.760551802614824 18.556533184912055 18.679051573904538
11.601364704960995 19.582776759690283 19.766518645514303 19.815228614957444 19.47138796264221 19.471878764745018 20.49436097778745 20.003415996307638 19.749117069811145 20.232763525703504
12.493010568597786 22.262423113560466 22.262423113560466 22.262423113560466 22.262423113560466 22.13075719981209 22.135420529141378 22.07624250879018 22.02318993742749 22.664738939492914
9.650825099708687 21.347032099777998 21.569354031226624 21.650918134648194 21.531682886761303 22.02180583511494 21.88873375349711 22.10798477871274 21.222541365886638 22.088817225330793
11.659240275046322 20.205846465079066 20.418362978336695 20.40302804159605 20.359477953969616 20.45868731228743 20.84532842641896 20.86561741228982 20.195462777088995 20.354578133347445
10.390371003910834 23.860698443982045 23.860698443982045 23.860698443982045 23.986656466099614 23.636934283229564 23.753070401539404 23.592562901654773 23.337194267592928 21.246978932166286
12.71201698599346 23.029182243556686 23.029182243556686 23.029182243556686 22.705388464793206 22.224388975198714 21.101206159483283 22.873669852980377 22.38699679930882 16.918081876805257
15.463694411917047 26.78760516559546 26.78760516559546 26.78760516559546 26.753904761641603 26.533392288772767 26.501178022521085 26.532555786966675 26.170842013432633 26.44779706065303
15.04925891290859 24.438241592107627 24.374658206106254 24.327801449672982 24.323365216566156 24.453384363371057 24.509982216267613 24.45795946994692 23.590921179092298 24.211024880734517
11.86433632337577 24.955629548340053 25.10894058980591 25.417403305744564 25.261470068837628 24.969244404168837 25.03025192118526 24.778023854349172 22.028646865791902 23.363774591597945
10.818678822474068 18.49876247981557 18.528965978858015 18.621771719284958 18.49364601235329 18.639437335110273 18.741636133800508 19.30346050722166 18.48502501483669 17.595538206439237
10.543594429500043 20.299350064019833 20.546363798960666 20.77847389096319 20.692669895408898 21.142554813623796 21.873307554415078 21.84364968864797 20.456238852557593 19.188017164657836
12.65044218695115 28.419097514146706 28.389688596054825 28.21733126161684 28.142634201886203 29.39035306268024 29.535995966404887 29.848731125107353 26.785915451620706 29.342034926169767
13.163685994819584 23.6432545495046 23.636135832717827 23.50311321251671 23.53119061262094 23.51593094155994 23.803483957417516 23.97123316177796 23.338232891850144 23.424811956645154
15.145948570569011 23.229745153748006 23.61641046500567 23.804739108758803 24.12350205827268 24.07813960589727 23.967927241426658 24.01955318639288 23.000403250765498 23.334900606450542
10.32222064621542 20.953804529300825 20.927766549269364 20.8837770121833 20.90902940589869 20.851621227110037 20.62705370139532 21.068674336251508 20.888451084135117 19.001434950705228
12.728734190980799 20.52252941292977 20.448106382850312 20.176745657775665 20.06268238979689 19.940602689917178 20.004079946235727 20.064204226186813 20.40111984759349 23.944300461919102
10.102860988707338 21.603391558787976 22.715006535528257 22.84284894504813 22.281917380212953 18.755751206773176 12.764991963884594 8.01520485878047 22.429740774829202 22.281917380212953
17.96762458319851 24.785631892513763 24.894600020323324 24.893155551270127 24.778416745915095 22.425665656674312 18.528421403317235 18.43864652217902 24.509692899344806 24.836649345292948
13.41253851800496 21.9191043643597 22.00228248003295 22.186295895411106 21.887778918798354 22.031969865462642 22.03823474668164 21.951759273025736 21.921262290861605 22.235395880274563
11.174456360943832 21.251980773751683 21.261259668354043 21.22398672174219 21.315194332774 21.15592152976433 21.104248999199555 21.202538960128678 20.97203297520742 20.12652078127401
13.852033396064963 19.406896632115092 19.13856101591668 19.166546475770183 19.076335201002948 19.744140388093673 19.68662792562004 20.01685983296419 19.00901757928978 18.660061886363287
15.044218937258405 26.032869732743272 25.798935875292372 25.961749539996887 26.92130220089431 27.4455468252147 27.46813502488335 27.332304694774816 24.44241621122776 24.146723630257068
9.491570134782073 19.541222621362387 19.697631886997932 20.978259013646344 20.584111169072358 20.722186182024625 20.57441685281929 21.601564643719723 18.153339869246604 20.148323778907063
12.324007002742983 23.32298721551453 23.32298721551453 23.693030079897362 23.605953007904773 23.456241828929617 23.43296355227478 22.903859329685986 23.23293218577851 22.875125093518015
13.867719511839054 24.71718007569968 25.499134901070477 23.91383777345819 26.014830246243736 26.211853157971234 25.81624021662521 25.724888401785584 24.70695886277765 23.162986945040952
15.402184308083903 24.307966688598942 25.04179201591491 24.525173303826584 25.280524660795955 24.863163754233852 25.159982166135592 24.593529347785147 24.858101672055728 23.945099999717524
13.172593769428191 19.63299940811936 19.65738508999362 19.573480628425937 19.57787299499446 19.556175046260204 19.601654990987267 19.531140319506207 19.393633221943528 20.099182452855544
17.50412559828729 10.657777837817797 10.657777837817797 10.657777837817797 10.657777837817797 10.657777837817797 10.657777837817797 10.657777837817797 10.360471784681984 23.500759004943546
19.88365223842473 23.678517916057025 23.65703999538467 23.689620882888626 23.665726061879425 23.550539298762324 23.572257889298555 23.526131606859117 23.389719848393025 23.327555352700916
11.424433959679147 18.14396561997375 18.21737071861215 18.403463299137844 18.484408615311324 18.58576485339841 18.29810755741663 18.161728216667473 18.16602924117017 18.167648785180706
13.26775769247824 21.714140196631465 21.714140196631465 21.708203436531118 21.603699092589252 21.565744432079264 21.560111135021508 21.49867712209547 21.047682050045594 21.487117530458875
14.904575327528203 20.5841527505328 20.5841527505328 15.062273924410935 19.937162331149874 19.906786229743425 19.832600599420267 19.770094578732426 20.16805258052356 19.200805344014512
9.296619015518061 18.76717115441364 20.650071782143712 20.821307228081558 21.179126805352308 21.365892625459892 21.249494804984263 21.60050805157884 20.328021556151505 21.357409945673282
16.441344282058267 24.255404343025116 24.255404343025116 24.255404343025116 24.255404343025116 24.255404343025116 24.250399020535347 23.813971793421928 24.23817193349603 22.75088670149107
15.621216441887507 23.166718276953056 23.17451089923368 23.23476141917088 23.22995547253022 23.39315020454822 23.429451708104025 23.661910034504313 23.030655870455313 24.062760979870955
14.24822261902716 23.663003561661576 23.663003561661576 23.663003561661576 23.663003561661576 23.563948832738255 23.49158504856973 23.515541828117303 21.61458416660192 22.4269526388967
10.763778682787503 22.253455776655166 22.253455776655166 21.942332211396092 21.761509681258723 21.802892100425282 21.735983350914903 21.633078680372265 22.160952027948355 20.41361361690526
11.094589894518379 21.84065728983931 21.879755733551256 21.937174060590618 21.661642793501237 21.66195627322609 21.5864056032424 21.593012860302288 21.874482971476947 21.021708613013466
8.966727237239152 18.47044822872052 19.124986850019937 20.745217886460978 20.740936261982483 20.826655316342354 21.075366577770502 21.08987812821074 19.04981818621006 19.648557550887382
