0.2650441779319743 0.8495775290623265 0.8564788708561064 0.8625479401427484 0.8613976093851798 0.8608166016822015 0.8586667270516554 0.8481196879708811 0.8312809228953578 0.8368583284685066
0.7809531389204061 0.5832374902435703 0.5832374902435703 0.5832374902435703 0.5832374902435703 0.5832374902435703 0.5832374902435703 0.5832374902435703 0.5702698392880566 0.7781047959502861
0.29127238963046415 0.904940811092172 0.9066297982419682 0.9041589240604625 0.9042801191779488 0.8985567139004393 0.9086336700540799 0.894062248640548 0.8914574953873619 0.9086651985004286
0.06286674375744684 0.7737479724705302 0.7755046207984447 0.7828165362386003 0.7896344982677234 0.7911396405369523 0.8055170695978436 0.788621387289372 0.7452354520887877 0.547464129581153
0.08899511146183443 0.812443140011658 0.8335112353137354 0.827220109626114 0.8532883217928187 0.814751501526681 0.802842698285171 0.8408068826493861 0.8276962209776192 0.6360549831496382
0.12713795030399214 0.839770617055494 0.839770617055494 0.839770617055494 0.839770617055494 0.8395167958588319 0.8363298555349331 0.8349687796321996 0.835830077328466 0.8172293092234096
0.12021502843196759 0.8329614018278496 0.8329614018278496 0.831697374501073 0.8301197575687812 0.8276468657101104 0.8257192366038196 0.8254294461927283 0.8275400818319887 0.8229180688460541
0.10635873258078514 0.7606905684957063 0.7547678906514927 0.6019235648777042 0.5207923184731287 0.4249453425352379 0.3807626553622751 0.405285029973612 0.6947730141546234 0.7525593960105369
0.40731325304066957 0.8960796313801586 0.8960796313801586 0.8960796313801586 0.8960796313801586 0.8960796313801586 0.8924507770699338 0.8900463442678636 0.8582419417231738 0.8771593543278722
0.3153639180246344 0.8084843266955423 0.8113756363006308 0.8113458174365492 0.803504213000847 0.8346891496510168 0.8365228384212792 0.8417158947193285 0.7487831936209141 0.7428864311317077
0.1551018332847272 0.8285558047545449 0.8227947338429589 0.8212237685885242 0.80340302540782 0.79644791766729 0.8072496815768014 0.8108325987393267 0.7793129863227389 0.7595248036657058
0.10347711674566751 0.7825189339131584 0.785236034764389 0.7904485451784066 0.8048823522344567 0.8147951098430578 0.8426583938673001 0.8509888970878188 0.7672564020543767 0.7590626731364166
0.24713936557650698 0.8012405089362118 0.8537178557576991 0.8625752559321227 0.8341101492833909 0.8049258585885074 0.7726013855203478 0.8083829287570823 0.8439852250856875 0.7699697711996324
0.36659657092181547 0.8276653959670762 0.7747617931464132 0.828715084534354 0.8222763111538224 0.8400357591618927 0.8285519347623124 0.8269886746176152 0.7570437337210255 0.7664546727020399
0.08686491537581877 0.8375709057049953 0.8375709057049953 0.8375709057049953 0.8352692412619525 0.8338136209422976 0.8366941262248563 0.8374365664731531 0.8118427392860385 0.7525535311187276
0.2651456238462879 0.9476858951411452 0.9476858951411452 0.9476858951411452 0.9452974840253502 0.9451598742094474 0.9443703661327397 0.943543069658737 0.9080171495262827 0.9374911241032186
0.16719259922217822 0.8894706499440049 0.8894706499440049 0.8794677543589376 0.884006539274249 0.8845519017961699 0.8867136165990033 0.8829137314316347 0.8314465185458498 0.8899726741256474
0.34477269066534794 0.6891428572582207 0.5130333561182749 0.5130333561182749 0.5130333561182749 0.5130333561182749 0.5130333561182749 0.5130333561182749 0.44720983759113614 0.5325796195232907
0.35609376123546443 0.8064968374917595 0.8446884201105241 0.8439516224554519 0.8445182400280372 0.8393078360491012 0.855741831850711 0.8604246564567934 0.8371728456650159 0.8373860124090938
0.1893697346369699 0.8075686648992075 0.7796430167925777 0.7827313442630025 0.8257595615339103 0.8290112146595954 0.8284849623562486 0.8048147191418092 0.7768973442345141 0.7886759078901564
0.3071261512958074 0.907882606327591 0.907882606327591 0.907882606327591 0.906939508457311 0.9062179402301812 0.9068803878868276 0.9047011001011289 0.9008018571880254 0.8948340565806876
0.46674149330941334 0.9565788689311342 0.9565788689311342 0.9565788689311342 0.9565788689311342 0.9565788689311342 0.9565788689311342 0.9565788689311342 0.9563686916075559 0.9464419515673447
0.0797866128897672 0.883135397365677 0.883135397365677 0.883135397365677 0.8724527021754955 0.8543210862619213 0.8601043751115446 0.8499876565085293 0.8774144654013284 0.7808292965181223
0.2403999710259526 0.8556926645873162 0.8614990106268922 0.8619989243712171 0.8612658332188136 0.8521063987431998 0.8558131903375567 0.8563441020561052 0.8627941757788561 0.8659744384065474
0.25622561742984257 0.8764618954985184 0.8789941152771997 0.8748087307684117 0.864151854594763 0.5492073923720774 0.6034496969089963 0.5678294815817531 0.876823454404197 0.8376234758011042
0.10984864137680833 0.6843523453120212 0.6843523453120212 0.6843523453120212 0.6843523453120212 0.6843523453120212 0.7145293464796184 0.7807744092711277 0.6889026021971653 0.6992727515322131
0.18920667308452851 0.8110605329880102 0.8207127042034926 0.8192989088625978 0.818235765778267 0.820701185141053 0.827265209717493 0.8274346979999443 0.8217331974252772 0.7703211139780793
0.04805960180363772 0.6832301900962756 0.6832301900962756 0.6736328542064092 0.6747019621524424 0.6726705573698718 0.6669930435313961 0.7476410102799678 0.6748612984357335 0.7016908645231886
0.16799266738484328 0.8321541059965064 0.8239442699896595 0.8231931131246174 0.8187605523606716 0.844752188485339 0.8378545706654931 0.8573716578263174 0.7712661836427936 0.7501740330013167
0.10696865485629818 0.7761526435219118 0.8019152999350577 0.7952607101321174 0.7768382427595326 0.7891514437885044 0.795939455333464 0.7854388932451485 0.7847869297305375 0.8550060786213068
0.16966264151851138 0.9024403719174998 0.82433903734576 0.6470140206245079 0.7020341473415681 0.8225311486937131 0.7998263171989293 0.8108328577772217 0.7834450965797574 0.6590452580561942
0.1482065577512701 0.900169403401665 0.8940003809575997 0.8906504345584879 0.8956376092423612 0.8942100588376117 0.8985719794686132 0.8972164076984818 0.8175074877646541 0.8779848663342055
0.1329628751406693 0.8180676425239732 0.8210235377579908 0.8208542557667515 0.8227284914673687 0.8233556648211658 0.8203543528483387 0.819687094810627 0.8185041246271259 0.8321890758875293
0.15998132481720598 0.7252433802014312 0.7206397448375506 0.7351195115079237 0.7396493455826695 0.7572400957714794 0.7645024572635354 0.7670527524159575 0.7209506912993646 0.7587169837742841
0.12308835584003786 0.7683807305003204 0.7633439506794985 0.76495572955989 0.7632125391532044 0.7741453236141572 0.7728792801475121 0.783306236018817 0.759191503119314 0.7850898252740972
0.39359538287729096 0.657117620720097 0.7005285785174656 0.5976347895426403 0.5169532760224199 0.3805043002157234 0.3805043002157234 0.3805043002157234 0.6252763752105491 0.6381322093716185
0.12389035568065986 0.9043343378726939 0.9043343378726939 0.9043343378726939 0.9043343378726939 0.903336482834615 0.9017473241099884 0.900270304809576 0.8862131650641215 0.8982630211964894
0.17193599940213455 0.8755126841433148 0.8755126841433148 0.8755126841433148 0.8735973377066374 0.8720343707655264 0.8725126513469812 0.8699746038002633 0.8509660210120549 0.8278713153090961
0.09848968628670042 0.8238271523611446 0.8238271523611446 0.8229686788500489 0.8182576807995682 0.8265297496890138 0.8346901271502917 0.8363450055047302 0.7701054833877069 0.8491364802876112
0.07398122218099336 0.8244439528688067 0.8244439528688067 0.8202853826158217 0.8202606587129383 0.8176356701125004 0.8105889522962269 0.8131314799163704 0.8158041301894278 0.8813475698072928
0.257936368869327 0.8477324469859302 0.8844130056420001 0.8584882474881486 0.8890580041086876 0.9042322941506847 0.8995476327720485 0.8970746185020881 0.7703150057932472 0.8240845584961423
0.05505391303443724 0.7586882577550438 0.7511882576224848 0.7458333498115405 0.7399857603259257 0.7430246794185414 0.7411902956600679 0.7331116976018089 0.7474237431761152 0.800526524311541
0.09362196498046364 0.7779002022222962 0.7779002022222962 0.7779002022222962 0.832679712528881 0.8412898134649106 0.8441842254783843 0.849441948269274 0.7744473690855064 0.8019361870630185
0.08272623995465633 0.849467350338288 0.849467350338288 0.8459493995485649 0.8416683181448077 0.847315211169546 0.8450029221940921 0.8514625195082374 0.777807007986462 0.886231525849874
0.1362198194818611 0.7902545967816441 0.8205617853042657 0.8224543900078016 0.8521543434151889 0.8530114571419934 0.8567998593384454 0.8566038870892205 0.8178036124798084 0.8200163335594585
0.1522760379084041 0.7859378661031903 0.8033468058914953 0.7874394108489375 0.817899611030868 0.8245115139175936 0.8356295214731535 0.8375127693907117 0.7270702678859261 0.8321683103646972
0.07448877826467 0.9358376826412278 0.9358376826412278 0.9358376826412278 0.9367308860515083 0.9374213456904829 0.9375772005874065 0.9375877598135008 0.9352932977968157 0.9081952346132699
0.10986664551016384 0.7999296033223425 0.7901726512728322 0.7968879617180615 0.8114023246421115 0.8070391510199341 0.7974646255926111 0.7956756609091896 0.7651780675620533 0.8370542286621262
0.1171441385013437 0.7380192512888472 0.7209886630752541 0.7219369240690403 0.732862348471619 0.7359844997245594 0.7343224575331994 0.733941803346533 0.7104218732712608 0.6029793335068355
0.17844922669382476 0.9263320987054624 0.9263320987054624 0.9263320987054624 0.9263320987054624 0.9263320987054624 0.9266902130193837 0.9266862114752653 0.9230478640590093 0.9234491381632418
0.06264840584554217 0.7189725867079605 0.7676886038331313 0.7864458234003243 0.8029946552091433 0.8061915328587869 0.8024702505858298 0.7985311485052381 0.7618841610803805 0.6363778674320654
0.10938180509205869 0.8271244848619105 0.8252827899083298 0.8252464432304586 0.8283164272125245 0.8284788943375044 0.8280884065540549 0.8298382976720072 0.7960354258909047 0.780537358240101
0.25845622460209755 0.8677089621715789 0.8677089621715789 0.8677089621715789 0.8677089621715789 0.8648745248536885 0.868752330858754 0.8638227196403093 0.8200647837558802 0.8746273577209974
0.061565902120080805 0.8138278666558278 0.8138278666558278 0.8135775054681539 0.8215884644393808 0.8154164605595845 0.8141636356539843 0.8166877383213778 0.8082872691355689 0.8584742678664025
0.3112672773727539 0.8708563705310776 0.8708563705310776 0.8699502631619409 0.8696093880968547 0.8696685840105721 0.86963844981531 0.8688062994358026 0.8645029920602602 0.6718883091801833
0.07707708403182363 0.817779218896994 0.8060408938460265 0.7964802662165479 0.7959364487763322 0.8146376410107884 0.812184320002946 0.8014373170826935 0.7887881403026035 0.8710386886803535
0.19168027437257487 0.7498387203723395 0.7543127176243388 0.7563287047334222 0.7641323394283049 0.759999522047969 0.7701206019869233 0.8022641614078602 0.7435301281875715 0.8366855373802594
0.34700257608926915 0.9378822818338053 0.9361185528637616 0.9342396175327446 0.9354895971244797 0.9366735695683438 0.9352104264425156 0.9234993778759298 0.9179933926754709 0.9189956094419277
0.2835488460022715 0.9094623482959113 0.9094623482959113 0.9094623482959113 0.9094623482959113 0.9093332312713088 0.9086680671753923 0.9067288567665829 0.8945267906269305 0.9066681856200898
0.13588352974996917 0.865629575525327 0.861650564383161 0.8585827009051913 0.856490918687164 0.8522207173422873 0.8475487527745215 0.8483430437234674 0.8377783761614791 0.7388246636660302
0.21073366755219727 0.8049538429919839 0.8106072977478248 0.8140762846276717 0.8162100322454334 0.796684734945652 0.8169776965764358 0.8195363732517293 0.7896047206415734 0.7928249368418251
0.3239157524870116 0.6407280870396425 0.6787962377220439 0.6717949315828523 0.7546858599113343 0.48609971236333616 0.4598255908103788 0.6472770376559827 0.6559771894292288 0.6421626766638906
0.30129990201548607 0.6826087442847958 0.6788475040007813 0.7226652677544809 0.7123695793312844 0.7150192244767082 0.668262359521712 0.6975188765168928 0.674987391184132 0.7334353702599251
0.173453878409201 0.7839017920605379 0.80071740672736 0.7788804343600987 0.7739402845573112 0.7628432673436315 0.7476294625548143 0.7336111247332644 0.7934460789324903 0.7218549636031146
0.1586930716018813 0.7575735708155028 0.7575735708155028 0.7575735708155028 0.7575735708155028 0.7581888730880325 0.7612304719157418 0.7610250016933158 0.7706014835057035 0.7266378645415666
0.2205468699068557 0.8526830762448842 0.8526830762448842 0.7994193775775708 0.7846648209333114 0.888629100799362 0.9060509004947311 0.9000454955249748 0.8425421841232575 0.6482786947299258
0.26243393464796255 0.8006338961321315 0.8006338961321315 0.8025395851130277 0.8010395916491359 0.8019890541971672 0.8017101553234453 0.8007209090063002 0.8017346608854913 0.8287572531178419
0.39291918758476446 0.8783663653017512 0.8765943979731071 0.8854362063268004 0.874097143221289 0.9256992582501375 0.9235261019876071 0.9208403125946981 0.8649531710102734 0.7725027754163895
0.2760928530896558 0.9150265922353863 0.9150265922353863 0.9150264084294305 0.9134695820862083 0.9130155721583059 0.9132828788772193 0.9130894240580325 0.9101134358909175 0.9156196627016477
0.23736406552320558 0.8045746475220176 0.8040316845531391 0.7990437450057545 0.8004438635811489 0.7983695955612493 0.8179622292319136 0.8203688009832152 0.810702816474437 0.774153345082648
0.16048905739242095 0.790429019459264 0.7887615129585122 0.7822226139378304 0.7766375674635944 0.7744736869762266 0.8135783542176992 0.8256863232768228 0.7838200423943573 0.8406599838485977
0.10640536268149194 0.7483333357286618 0.7590730676050607 0.7673186641205357 0.7889571348304368 0.7814590746767931 0.7831270216093951 0.8038852982234398 0.7527487944108057 0.8683197084747117
0.06277548840054664 0.8576479574189207 0.8576479574189207 0.8576479574189207 0.8539777105076468 0.8539580483504764 0.8508137664079088 0.8444994691067484 0.8559974949728281 0.8505983979882125
0.18856744251327587 0.8983531744865046 0.8983531744865046 0.8983531744865046 0.8974153134480791 0.9014717416229088 0.899660975014803 0.9072735113774443 0.8983440052433922 0.9038558197974679
0.18874751336396023 0.8524079580908204 0.8602515584467376 0.8541287236186866 0.8434046656605085 0.833976052609668 0.8378669935922717 0.8559820850623 0.8537627473405304 0.798727671493288
0.18939943918152022 0.8364687752605023 0.8364687752605023 0.8404050182864692 0.836976848813952 0.8350648037504405 0.8056163108840678 0.82150064859881 0.8399565122049877 0.7797373074115693
0.37338296024825995 0.9077829794317501 0.9077829794317501 0.9077829794317501 0.9090385052719694 0.9083069823087446 0.9088532521799757 0.9066248576370001 0.8975812706151961 0.8966238366966758
0.13704123983678898 0.761702274579616 0.7793112353187147 0.8019234527191871 0.7947268750917148 0.7944781521674423 0.8275249754441453 0.8418345456079036 0.7608946973605718 0.7532733346869961
0.14274646125509827 0.9093374989346822 0.9093374989346822 0.9088623001590838 0.9084524603182592 0.9085181700180843 0.9084418862644531 0.9086948635421975 0.8997648190404548 0.8918345713735505
0.08369818747017155 0.8058302319502274 0.8105541627798224 0.8114025797505517 0.8313742558230307 0.8595229111261422 0.8531304333255596 0.83812439253468 0.8090364573729844 0.8510697087136444
0.29864581977821575 0.8957254111497006 0.8957254111497006 0.8957254111497006 0.8957254111497006 0.8962313603836723 0.894758626775455 0.8951339086054307 0.9009349217616625 0.8861002092402354
0.13096601731306304 0.7648481733916445 0.7749629579695919 0.7516173471886392 0.7835003951099023 0.774395897392619 0.7786271185318375 0.7729123361404461 0.7585021726311539 0.7578741742380134
0.1750499652232481 0.8477954044778669 0.8302658713914254 0.8026913236333938 0.8267637183942882 0.8454682597274795 0.8360616528821211 0.8550422292515046 0.819592530793858 0.8691498693713328
0.22872286805720862 0.6439582652620582 0.666117354542756 0.6521878616968072 0.653837195794589 0.6094857397733032 0.556696206270797 0.5480076500352511 0.6165216979308688 0.6334131267178099
0.18186962546754107 0.7807616524639897 0.7793716208702269 0.763956442388824 0.7725219768986568 0.7697430047067707 0.7600391521306377 0.7518539620708619 0.7836740787100235 0.6788175825245037
0.1370780436234692 0.868297721806378 0.868297721806378 0.868297721806378 0.868297721806378 0.8674737074524913 0.8667028323463 0.8664430496748365 0.8684127058628254 0.7627685624575494
0.22200894216975475 0.7510771630185801 0.746054190842453 0.7424581021460573 0.7365425934862753 0.7347369756960417 0.7355183675524503 0.7300349397018598 0.7356940093514838 0.7301141763943186
0.3528643916409475 0.8378199528975774 0.8378199528975774 0.8378199528975774 0.8378199528975774 0.8310411991731333 0.8357126049762181 0.8367462082346836 0.8171062213369488 0.84020729590826
0.26212260515596647 0.901284868323908 0.901284868323908 0.901284868323908 0.901284868323908 0.901284868323908 0.9022886353052102 0.9035898101723882 0.884717794624532 0.8942207187939504
0.16547896235540557 0.8270830733411761 0.8504734939178714 0.8463970438672487 0.8584372684295337 0.8665610823541977 0.8727036895809497 0.8609047098552209 0.7651218758754119 0.8660015844765567
0.27315934654854046 0.8655313328601858 0.8557137546584465 0.848617879152803 0.8557565795577328 0.8855328271406813 0.8915668637403779 0.8948788839919576 0.8085863213792434 0.8902708786950639
0.12480610678707772 0.7641081416171432 0.6593218522600419 0.3974071991175179 0.3630073414854334 0.3554247697287926 0.4273884785945697 0.5400864949685688 0.6020081492957002 0.698504159987122
0.4342436039504667 0.8577000166795331 0.8577000166795331 0.8577000166795331 0.8571044309056407 0.8583485819010214 0.8577507287354935 0.8558996569477227 0.8432829284373972 0.8634338128781186
0.19986054222477975 0.8273295647165068 0.8275626109764554 0.8135212663706332 0.7710814166922176 0.6645828004240778 0.5212798563713148 0.4604243417628364 0.7733088668888705 0.6457871234901664
0.1827230647180306 0.8432735269450397 0.8432735269450397 0.8394185599037272 0.827636383504251 0.8287689032419978 0.8402195385124748 0.8592682119909618 0.8345441970127226 0.8779828077887961
0.5055482216425805 0.4794269423260063 0.4794269423260063 0.4794269423260063 0.4794269423260063 0.4794269423260063 0.4794269423260063 0.4794269423260063 0.4902894261110156 0.5169161475028378
0.06955945412796341 0.7978377447492536 0.7978377447492536 0.7862837272752999 0.7867630054372933 0.7789828902629119 0.7878522001985416 0.7871639576019797 0.7621058173642791 0.7643909328429009
0.0460245910500548 0.7912169603569055 0.7912169603569055 0.7950326068063612 0.8081834534250313 0.7996348358322539 0.7956990945944905 0.8067160434753315 0.7718306207341845 0.8275470342266171
0.14262852837301676 0.9182348467012874 0.920886325165847 0.9197074492384544 0.9205279030339245 0.9242808745834591 0.9385493295247295 0.9417922485352245 0.889641149347753 0.942933111539037
0.08889406621834688 0.7240806559227737 0.7511376497526611 0.7522581434431531 0.7677964255946831 0.7940804959498332 0.78542189240981 0.8332805722278064 0.7545894238961918 0.6296356223983529
0.10277275088743416 0.7903715343224568 0.7903715343224568 0.795311448916455 0.7955865489261161 0.8190109387984794 0.8170944848550441 0.8124181450948487 0.7812640762056512 0.6793567636476082
0.08679488944469778 0.38627130580097213 0.2819850636961148 0.4070803462643984 0.5384149993452229 0.5498944054040175 0.2720749822827157 0.29140882129576723 0.21169000741465094 0.4613531509614928
0.10427309003172917 0.5800841966528587 0.5950115528532588 0.5972598505350706 0.6963036745714368 0.727294594220033 0.7278259244964603 0.7448758763034368 0.5833794996237295 0.7021249534939272
0.3697062342257397 0.8041465142031973 0.8061723509098725 0.8112814777293765 0.7963875922007492 0.762438365739731 0.7979920689480634 0.7813337431931296 0.7794791515455488 0.7428454063297075
0.3654507557133413 0.8702097038733031 0.8638905794128909 0.831783612604398 0.8252120457611424 0.8288255842670406 0.8284772415767027 0.8329011115197295 0.8664566976881761 0.8744302956731338
0.04403030675823699 0.742504218052448 0.7424619451009954 0.7485216830851105 0.7570359251961358 0.7627484187295704 0.7498086801495694 0.7792607073859693 0.7415007063192834 0.6946783041600799
0.3490688305285627 0.8291736947566882 0.8557687211139747 0.8444658082816844 0.8509876634673197 0.8582946251102582 0.8662847550538967 0.8669481637553821 0.8322242919311695 0.8351196417624619
0.28677030118308416 0.7558668254603802 0.7313356739871351 0.7422517286521585 0.7713999758490355 0.7836991223645221 0.7875103615956099 0.7857455958638592 0.7404356671820252 0.7776244707409345
0.09710752226163322 0.8968310619569905 0.8968310619569905 0.8968310619569905 0.8982782526842366 0.9016850431752207 0.9024920090846816 0.8997071855855672 0.8784581370472196 0.8114102747109629
0.07413988050407953 0.7846997659613928 0.7846997659613928 0.79037119579061 0.788985688428911 0.7870934111364041 0.788630943181727 0.7889675895886589 0.78507739835582 0.7834918431528041
0.2721102474060721 0.7637529978654459 0.760973524684748 0.7576224284286898 0.7597530231792309 0.7409177714437035 0.743354533668345 0.7353523941054444 0.730505873543937 0.7456193803091459
0.3463311773240186 0.8234629803364578 0.8234629803364578 0.8191569634912376 0.8161452595224524 0.8181583389224635 0.8196927416058695 0.8192419392653602 0.8083676424051468 0.7930332383849175
0.2234488737599547 0.8700388750639494 0.8705712145813211 0.867054187825533 0.8773937479368227 0.8761356292994722 0.8774031326103402 0.8793865446918713 0.865695966609359 0.8793747466555694
0.10232865020029051 0.8514385772209522 0.8521466338746883 0.8533513788569164 0.8506430846731606 0.8513773662836966 0.8536860753688491 0.8546038090163379 0.8491965241365724 0.8398576434099544
0.07948165181355123 0.767205669409595 0.764301771733468 0.7603457884211964 0.7544231341341444 0.7630796305169731 0.7591860263893171 0.7823319887736272 0.7310656230174407 0.7665528659653537
0.062085118259934714 0.7841734613068628 0.782664319168595 0.7791167376039189 0.7706008993642747 0.7674468813756148 0.7626335782820869 0.760985844358463 0.7618814201023388 0.5811610793008594
0.10295915068971313 0.7873912159868688 0.7873912159868688 0.7873912159868688 0.7874079436448383 0.7873527384042464 0.787149282469736 0.7896502597517187 0.7841789154563769 0.8103739982734521
0.45615889717123576 0.4854333283317343 0.7378819184338813 0.41835290656990615 0.41835290656990615 0.41835290656990615 0.41835290656990615 0.41835290656990615 0.733196816271927 0.6758395436677164
0.21504050287619345 0.8128700038732931 0.8339931977142827 0.8362411683149215 0.8304303603958454 0.8367279770658937 0.8536965549965553 0.8552503849347678 0.8151536947072744 0.8607346620848144
0.1446612177354665 0.7820248129777442 0.7751378387206187 0.7726854529592423 0.7725308081581389 0.7696120197607526 0.7656426888512904 0.7686633240512206 0.7618873540330361 0.8192896766932202
0.05036595759167579 0.9059613293698691 0.9029740758215805 0.90269925714394 0.8985916403037503 0.8911195029340105 0.8920359207698496 0.8951375200165851 0.8930351697851707 0.8208684118192197
0.21280063489123566 0.87789849994331 0.87789849994331 0.8761166264063424 0.876333204268866 0.8755773400788489 0.8763643330360326 0.8759638971174128 0.8661265062169954 0.8006693005722476
0.39886602758692863 0.8703856763484069 0.8703856763484069 0.8703856763484069 0.8718841613215277 0.8636609260003466 0.8480620904505404 0.8575282479618492 0.8564617086729278 0.8598639684422609
0.19238290549804038 0.8348624393607693 0.8348624393607693 0.8340338723543832 0.8285439245502196 0.8259153914465133 0.8223904430151491 0.8180030424323572 0.8219046251002508 0.8271464272982257
0.22291649524391424 0.8351205802414894 0.8275464146630247 0.8460183753696198 0.8528343929316172 0.8438983845068186 0.829338172758939 0.5074926894927861 0.7798617177778571 0.7961177205579061
0.08385346654310681 0.8246222055273348 0.8162844666370894 0.8320452450126359 0.8283571043178101 0.8266129072531593 0.8304333024582475 0.826147728185857 0.774309847994704 0.8547477127708295
0.15938284340016376 0.8255180136715875 0.8349829244486998 0.8409428764574072 0.8468743260499365 0.8476286000736705 0.8464048969701278 0.8649294817629928 0.7897073747402644 0.8834230620452471
0.07706160529224161 0.8251946926480795 0.8432013893223348 0.8441330795470119 0.8449489003289168 0.8552506086146262 0.8689911469923958 0.869763600662736 0.8433933395430019 0.8407718305849651
0.15456245848735028 0.8192645252284497 0.8487818723264139 0.8576843640556927 0.8665701990073732 0.8725193811348012 0.8794042733641234 0.8853547822983544 0.7853913641192989 0.8315837766009585
0.1535086917303943 0.8661626356073809 0.8614443087668245 0.8630022421199292 0.856485905516491 0.8552992540577057 0.8502946730351049 0.862343660776129 0.8394861630499246 0.8757539000491916
0.042652776019469985 0.7771620839786703 0.7748234067667932 0.786007439170649 0.7975228072672421 0.8047907261162114 0.8049856956272087 0.8220884557005633 0.7544965111797501 0.8258841349550927
0.1891973017769958 0.8863975486319516 0.8863975486319516 0.8810780431975961 0.8842086279957154 0.8838550480888644 0.8785666385581572 0.879873549852896 0.8540031952760841 0.8398047613055953
0.15185184663886994 0.7661428824208603 0.7677970692524835 0.7637069105389588 0.7637163830515746 0.7543505994975673 0.7514814666555681 0.7579426808537463 0.7411487709914472 0.708040303656971
0.1687440875031 0.7049512492387286 0.7026834716922451 0.6970798765080036 0.6907161778703133 0.6923258870513148 0.6964184468205937 0.6990508510493889 0.7314709917149886 0.6632368191468827
0.1379705892968757 0.8165592395988277 0.8205327247638143 0.838053832815687 0.8255289593899864 0.8532877313345781 0.8479012251333667 0.8426275798760935 0.8180360582722231 0.8494891914388161
0.10161292504834844 0.7984438023695928 0.8298864754441911 0.8443690964771422 0.8409792146043733 0.8328498542309238 0.851766213987687 0.8178273260616619 0.8130470254888144 0.6621906526046594
0.07877132567396729 0.9009551409726634 0.9054204488090662 0.8993366107040192 0.9007842809861941 0.9017406988809618 0.8949784383335567 0.8910485262102764 0.8962073093594801 0.8906584281688644
0.13217199295684096 0.8043420542742666 0.81924540011545 0.8169838190883335 0.8043540721370355 0.8000377858979112 0.8000012469049467 0.7982209209567334 0.7853897394953053 0.8018479766754552
0.12048735591811814 0.8747965060880915 0.8747965060880915 0.8733505209691081 0.8637695397922904 0.858865215614629 0.8532178528962722 0.850683466332173 0.8656645112011411 0.8263167836902489
0.10258095760772566 0.7912255907796184 0.7941951383292988 0.8790133429245959 0.8375898522612174 0.8421753129293349 0.889900355698796 0.8876489135031327 0.7839204052636054 0.8423115123535042
0.18447031693292956 0.8000957642899195 0.8004234516246994 0.8006454726950989 0.8012333718116214 0.801028737077373 0.8056582311339411 0.8119672997186426 0.7855134209318685 0.8170010997186711
0.10086065980760271 0.8745673305909322 0.8745673305909322 0.8745673305909322 0.8745673305909322 0.8745673305909322 0.8755615178692842 0.8756367071592086 0.8939191740959466 0.8667213776316413
0.06327310231526771 0.8795466923767 0.8795466923767 0.8795466923767 0.8806274192420527 0.8809163327512155 0.8783017106251912 0.8786357308419769 0.8795466923767 0.8457201004942204
0.23601781639555097 0.7730541891156998 0.7730541891156998 0.7730541891156998 0.7730541891156998 0.7722923320271149 0.7771602858601669 0.778870525090357 0.7608931188454052 0.7834928205231099
0.05734190576797112 0.9246692252421411 0.9246692252421411 0.9246692252421411 0.9246692252421411 0.9227046777147475 0.9257080729326809 0.9254234561479189 0.9235779847157546 0.9295920029818024
0.2080251911877982 0.7832717510045054 0.8567677790297403 0.8639446157614037 0.8710085289470372 0.8644553763277562 0.8662714431473814 0.8774881249648226 0.8224149438477254 0.8814300065753082
0.28702363230226413 0.8838036756980309 0.6814000080188495 0.5395662182499462 0.6171733593105561 0.6974932812232391 0.5204697138748813 0.4991552182425416 0.6264468944781224 0.8653864163018982
0.5278120908737249 0.8782654454064981 0.8782654454064981 0.8782654454064981 0.8766040552781794 0.8794499204185278 0.8796849626394553 0.8772600360937947 0.8867190607787849 0.8719159637662427
0.13544801248036864 0.9155204685252656 0.9155204685252656 0.9155204685252656 0.9155204685252656 0.9142867346655503 0.9131781303662162 0.9140766283316087 0.9099888255459702 0.9475162784915533
0.24011860607768767 0.7660425193397824 0.7752140215225617 0.7690289686971145 0.7697671538427892 0.7855241650830013 0.8065357551828326 0.8184930482834366 0.7572018699557215 0.8162584260202208
0.16361886027258313 0.8819185772799106 0.8819185772799106 0.8819185772799106 0.8819185772799106 0.8822548111446239 0.8814396840572725 0.8823328530616655 0.8648398025202789 0.9051844451856107
0.0655921342672613 0.8641415364064676 0.8641415364064676 0.8693021912159189 0.8571381561693068 0.8585002143798249 0.8191276214819171 0.7950972764882659 0.8151992326598679 0.5397501150327386
0.24559859085592128 0.8391867586584731 0.8396843649229847 0.839231232005154 0.8301998313775786 0.8282365302152112 0.8294769333881961 0.8232216036814594 0.8260723110798973 0.8362661794754164
0.31179478680911393 0.9167301509948661 0.9167301509948661 0.9167301509948661 0.9167201094088092 0.9168420476910923 0.9166594035281023 0.9159064291994485 0.9185680016305465 0.8713418162481458
0.17490619414911415 0.9364371892607429 0.9364371892607429 0.9364371892607429 0.9364371892607429 0.9365117978815721 0.931849995771535 0.9282558674093796 0.9334928841239516 0.8452547112108918
0.04469263073701304 0.9100786377063663 0.9100786377063663 0.9101885869545411 0.9098318444762555 0.9081588200620428 0.9075178229880011 0.9056529237366441 0.8968021022280124 0.8852789448018443
0.07020474648267239 0.8308023820531352 0.8308023820531352 0.8320261988129406 0.8275480228555456 0.8551789320176156 0.8715913179372888 0.8698533940192789 0.8234009493619127 0.8216709252248585
0.1552937622656838 0.7944743276506888 0.7943201129567182 0.788195599530631 0.7876403258747642 0.7937856708862201 0.7959992045075475 0.8251027373432435 0.771986439932078 0.8405458399674703
0.04903787486536323 0.898510138291439 0.898510138291439 0.8979861307334432 0.8991839790006372 0.9009157576689896 0.9045342803568276 0.9030449781634399 0.8946991454014305 0.8743326690458892
0.23169003944696395 0.8127488199267286 0.8105310746935278 0.8184726361156173 0.8280533112038073 0.8059327328666012 0.8168366022365495 0.8279133000715803 0.8003667726436374 0.8955046917648661
0.30233758614957335 0.8993928359010662 0.8993928359010662 0.8993928359010662 0.8971526249653793 0.8954176959301816 0.8934325836201732 0.8925012637294764 0.8788257587551662 0.8195685802115252
0.1916125409070402 0.6528351258752819 0.6514368420405704 0.7264346934157938 0.7523722167737112 0.7399211208462497 0.7752430605876034 0.7773002374011044 0.651289914790606 0.7146497012187876
0.3126193486098672 0.8510994102893386 0.8510994102893386 0.8510994102893386 0.8579995073120653 0.858470683694324 0.8471321465939261 0.8479170948759203 0.8650817378683575 0.8802264134857878
0.11404855478737704 0.6614716041494354 0.6715726525421671 0.6824962841270678 0.7139671191379929 0.7232305369680362 0.7199033874077925 0.7467887244999379 0.6705177198125712 0.7323235642464487
0.2796594182823582 0.8231890702560906 0.808377282870452 0.8002793676639529 0.8098557845931498 0.804940663625468 0.8186878663581377 0.8460740467715523 0.7978163841934528 0.710957027799196
0.16048725015685397 0.8130402489661664 0.8096047106792611 0.8075769542837499 0.8131570863116289 0.8177841487993582 0.8199447555589264 0.8142561049171348 0.7901187133430452 0.8364001788129736
0.13542635445319864 0.8943624956240265 0.8943624956240265 0.8889008293359922 0.8400000924510227 0.8553718959066305 0.8628937504480495 0.8646994141554963 0.8673208247014061 0.881317283285799
0.20606603514309305 0.5636013302599974 0.47118049753143715 0.3756641183786556 0.3681435418112966 0.6029495941138118 0.5951673764090323 0.3283775510564715 0.4326948001693725 0.47316751946726
0.1289276048381065 0.8578635012920058 0.8430997252917187 0.8480365678822066 0.838360632230958 0.8360603406551587 0.8467244128486703 0.8556132778198333 0.835186511864408 0.8450850109812126
0.5102357473911733 0.9376273260257612 0.9376273260257612 0.9376273260257612 0.9375011400602092 0.9356749540150732 0.9359068878345503 0.9339685684013329 0.9308721663985139 0.9255672866819085
0.263214225913496 0.8117998213718152 0.8157825740085518 0.809306760110041 0.8023859961228563 0.8611585405507575 0.8516421060094008 0.8799725381549655 0.7940266880324796 0.8796826195526664
0.2598275228007812 0.8320290127571223 0.8285113887170708 0.8246818521061733 0.825001868937376 0.8389590840953809 0.8496520172032528 0.8456808899699241 0.8152504390925642 0.868741391159782
0.4266619946499852 0.8278426274153247 0.8274282113178931 0.8256723607753593 0.8249439619207516 0.8286788831462055 0.8227775906643667 0.8244145960819651 0.7779448233507317 0.8240490234046689
0.2583222553345217 0.8303589856757014 0.8216225290035447 0.8259801448002667 0.8268419679431059 0.8068538154864687 0.7932887058713041 0.8069752875301952 0.7332327437791704 0.8263510389730634
0.26995747318577235 0.7441474192317695 0.743639529360076 0.7845901134597342 0.789326240520834 0.7837501416147451 0.7715616858876043 0.766574149734908 0.7455592035305135 0.7695574122629286
0.29258197914366185 0.7344034574245476 0.7007957069372134 0.7349249782972046 0.743647628827745 0.7388798774291147 0.7241334722299458 0.720751486309939 0.6310940545068263 0.7365402454513915
0.3009990555286934 0.7857224471196576 0.7867213576886763 0.7827710164789917 0.7889747598589464 0.7887861076253505 0.7904319259222946 0.8024239928525878 0.769270053675028 0.7862741521204025
0.2724102143028317 0.798349957597028 0.8172563149102209 0.7929724076332731 0.7965846921101359 0.8048785713086071 0.8187106418500217 0.8189636595441302 0.8149368155305167 0.8295480540167786
0.09495264341713235 0.8010324952210454 0.8272606919402944 0.7876166481740517 0.7909686628216006 0.7935784321777112 0.757518693569673 0.7160783863964935 0.8272093411058568 0.7645808817048095
0.2392080101777474 0.7519554528743589 0.76215153834401 0.7599668063476096 0.7648586394701099 0.7713537591763721 0.7685611393903015 0.755923386758209 0.7693185775279328 0.7404406152830353
0.2082369402754932 0.8266765618489597 0.8285566853616334 0.8252011211288743 0.8239949663086095 0.8275760568134594 0.8344000166919349 0.8340694427557316 0.7824347609387615 0.8064699022443108
0.1815700182039933 0.666692141320495 0.7132866098534789 0.7132113479025826 0.7048461378377309 0.6862049645754281 0.6702150686449517 0.711941623011653 0.7047971875454135 0.6777280712791675
0.09769190818177968 0.8338398013936407 0.8338398013936407 0.8338398013936407 0.8384681455615972 0.8341898835094207 0.8423088942004956 0.8561387242850658 0.8302425415292953 0.851968554974238
0.042512336297892785 0.7196100367100637 0.7190185988506507 0.7527700617975404 0.7498829743413014 0.7176245920614122 0.7387884109686857 0.7305216532083656 0.7085995382004778 0.8490603346704111
0.20717586921375775 0.6587219112645366 0.5989820141754995 0.5751341948524783 0.41956282114061266 0.4219901270727408 0.4431766795602143 0.46723354872844275 0.5756283397089978 0.557543219618274
0.33076751886555 0.7119918792178513 0.7067011755230271 0.7188634886971156 0.7280146611346523 0.734356938262357 0.7424412410135264 0.7413412639987818 0.7397024669080833 0.7462025492488354
0.21918197559545358 0.8802293391809323 0.8802293391809323 0.8802293391809323 0.8802293391809323 0.8802293391809323 0.878088231194786 0.8750395256432805 0.8252384487345258 0.8695803641348713
0.16660786103186842 0.7949815608471846 0.7949815608471846 0.796690099722039 0.7980748861816073 0.7953273960723891 0.7924112032326552 0.7932247450391076 0.7980679748841818 0.8551514192445705
0.15977682569503604 0.7849074381443483 0.7725692191503412 0.7600550339514515 0.7463019732447789 0.7504191804379517 0.7363620228663414 0.7528342955332831 0.718595965620484 0.708047996873916
0.09298998123988267 0.7961070592855107 0.793884182334665 0.7964601322565555 0.8190073241180874 0.8279047438497859 0.8294711264946543 0.8390028533232746 0.7820643151572547 0.8514959279274096
0.04431746634348264 0.8582462608553535 0.8582462608553535 0.8582462608553535 0.8582462608553535 0.8582462608553535 0.8582460112247717 0.8523606323863118 0.7934934480442534 0.8594292752044819
0.15530681853473063 0.7571324774096301 0.7553958312208922 0.7531509085541547 0.7516877223551505 0.7501523851393269 0.7490032007468271 0.7476997977875018 0.762122213737865 0.6720618960421246
0.09388627880445921 0.8460267151033083 0.8460267151033083 0.8460267151033083 0.8418530915915131 0.8403344019647929 0.8413532067715784 0.8437085355153137 0.8085447106365163 0.7988400926406118
0.13747774133971905 0.7029791949886649 0.735183234301962 0.7315850463513479 0.7728955414742907 0.7610707586144994 0.753930535854017 0.7787329929705707 0.7335285504320762 0.6966726178684306
0.6269923712027204 0.7816058025691598 0.7816058025691598 0.7816058025691598 0.7816058025691598 0.7816058025691598 0.7816058025691598 0.7816058025691598 0.7710113563753813 0.8070573120842391
0.16790401765823795 0.7936413598288187 0.7936413598288187 0.7936413598288187 0.7936413598288187 0.7877722624695518 0.7779847555330434 0.7760717491469625 0.8040734413400648 0.6605779742119463
0.0417057059897529 0.9171217229264799 0.9219930448810767 0.9242239458674727 0.9190564300481134 0.9066192860364045 0.9111353216461199 0.9017154050776925 0.8947553365373525 0.9077028039103069
0.167841387068569 0.7328566149101693 0.6767087353295738 0.6860229170635154 0.6607979128929017 0.6332674737287783 0.3292436941869865 0.3752158330996808 0.6583450003805749 0.6333036164884401
0.1291589730868628 0.6519013515152449 0.6824090773381122 0.7040805456135008 0.7789890123844468 0.8065215554428952 0.8134723865903822 0.8106016162870048 0.6496715972593888 0.7430276942640991
0.20765574750530602 0.8471562505151965 0.8430328469661063 0.834588319352335 0.8230077185884598 0.8143563137855919 0.8432262229795824 0.8484031308984009 0.8279300348304023 0.879197143485258
0.12153799134254102 0.8768749926058813 0.8768749926058813 0.8768749926058813 0.8754121681901706 0.8710352672497351 0.8630499397578961 0.8517056078069082 0.8598860313035219 0.7573680116834814
0.48321541111294725 0.8268601808510184 0.8268601808510184 0.8261130087325658 0.8272934991042437 0.8283392337096437 0.8266059568229204 0.8283152109284915 0.8208413997639257 0.8269880522865702
0.05635444380257915 0.6439952806315552 0.6849705545937131 0.7058438649783915 0.702392788251259 0.7053563503694132 0.7185804340265302 0.7185715930645853 0.6881103679853685 0.7301198787094174
0.07643544556871663 0.8367918328702642 0.8367918328702642 0.8367918328702642 0.835739159392462 0.8542602946213229 0.8608616938563189 0.8679381826563146 0.8265958393129581 0.7862461945468618
0.19480437710513288 0.8573269143264436 0.8675478482894959 0.8927795386382565 0.8897122343897373 0.8689290931471413 0.8690867021752915 0.8551948613315558 0.8318439079226446 0.8887024935446458
0.10097207792384714 0.816351367780216 0.8166890097364933 0.791987454092517 0.8156312808129691 0.8330176269917883 0.8404023133740782 0.8268753608092019 0.8085015486451472 0.8283533691511616
0.0769492459940927 0.8955910237305482 0.8955910237305482 0.8955910237305482 0.8955910237305482 0.8961514059736558 0.8973401654623384 0.8981184592522964 0.9127530015244734 0.6985294685496841
0.10162003999830728 0.9005608815424 0.9003605937557652 0.8978125993556431 0.8967196602037123 0.8956723693851432 0.892906166237699 0.8934360588318683 0.8763287245183791 0.8803557189041863
0.25383342957551513 0.8584736064123181 0.8568075106080163 0.8487454183498729 0.8526027545743035 0.8519185492141066 0.853099061664615 0.8542419905846336 0.8465569308502694 0.862031087954415
0.45713928154019995 0.4786914825890638 0.4786914825890638 0.4786914825890638 0.4786914825890638 0.4786914825890638 0.4786914825890638 0.4786914825890638 0.44745537482185255 0.4766889979437652
0.3119377226054645 0.85098506741723 0.85098506741723 0.85098506741723 0.8506568124650876 0.8476479349018327 0.8465764433948593 0.8405441943452834 0.8374772756321817 0.8298609400293874
0.3002674587249921 0.8221722950225061 0.8234037295630579 0.8218748664527095 0.8169755069484882 0.8288446505807358 0.8183538756022455 0.8255643136541986 0.8040976537930323 0.8095199669956519
0.13850761162835315 0.8172391001216104 0.8132632821581284 0.8133081296470189 0.8131278352779928 0.8130365118616752 0.8135066621714326 0.8066664850383573 0.7941521399147077 0.7570929064662278
0.13265745106205365 0.8344777952108803 0.8329991215315502 0.8293890542684133 0.8265427577965149 0.8422358621481671 0.8467690204471242 0.8543594049500163 0.8231519591886594 0.9039161384143467
0.16555185388688723 0.7965557561032037 0.8389106029058254 0.8252260951208078 0.8231053024665815 0.8187069807912909 0.8222350121738043 0.8137259063095476 0.8261957928569931 0.6909852017867449
0.30277418129379435 0.8833470196564578 0.8833470196564578 0.8833470196564578 0.8833470196564578 0.8833470196564578 0.8833470196564578 0.8833470196564578 0.8705475705552773 0.4050201275520018
0.21694343617786038 0.8186978716192078 0.8186978716192078 0.8211629398944411 0.8221902815375387 0.8275680634776658 0.8250522257192298 0.8225364435202124 0.814036257003091 0.7218562348156871
0.09355034042972259 0.8089348668539896 0.8089348668539896 0.8089348668539896 0.807583545025163 0.8017782661459462 0.8027698190743369 0.8023472011313899 0.8053073102396514 0.8062758572134893
0.07602783474099817 0.8623187712689631 0.8602525902636807 0.8598011678638433 0.8595095764248923 0.859646619618084 0.8628920847942713 0.8623322186721346 0.82625816222541 0.8558940911133863
0.308682093345029 0.8368007540321197 0.8368007540321197 0.8368007540321197 0.8368007540321197 0.8361779414990136 0.8361581281907554 0.8349944876408303 0.8366643770091923 0.8639098812305245
0.09810550502278072 0.9254283453575173 0.9254283453575173 0.9254283453575173 0.9254283453575173 0.9265544322207576 0.9251579681565879 0.9221818289281947 0.9219420568356719 0.7957210210685955
0.061438497858805674 0.8670170271941428 0.8641788950716377 0.849078822563946 0.8437924391951447 0.8232616729487784 0.8145925233925629 0.8447245485251637 0.8388464849032089 0.6407916027854358
0.23093528577754427 0.7844593157589447 0.7725824629157575 0.773072224440995 0.7806970591724149 0.7973088524396319 0.8059286967450436 0.7979880752460021 0.7559734366921519 0.8148701486073963
0.22379156413042658 0.8764521791536142 0.8423602929986727 0.834918485129316 0.8338884381943862 0.8436104150407983 0.8404698021457778 0.8538246458011791 0.8053776634011586 0.8569744726100393
0.1662462305066393 0.8303718572230322 0.8303718572230322 0.8303718572230322 0.8667426797679015 0.866462174516916 0.8731253511052532 0.879680118738268 0.8177758262149571 0.8623625228586405
0.12742214916731967 0.8622105152697275 0.8622105152697275 0.8622105152697275 0.8622105152697275 0.861813971953883 0.8596803393410822 0.8590531141115155 0.8519865787281874 0.8622209385923636
0.09905095200065488 0.9347625710898028 0.9344625419367 0.934913999900676 0.9320722371271501 0.9308029523183524 0.9249010150446276 0.9280878192543677 0.9006433200459965 0.9366181614718618
0.23135777659221057 0.8496351891725711 0.8458021615909065 0.8477515741872054 0.8463341973400172 0.8441251833391018 0.8392595866650788 0.8424002977847604 0.7985980046502233 0.8212238507579729
0.21993507410491434 0.8491387055667549 0.8440151039714489 0.8402028845536124 0.8401333044013418 0.8382296479564048 0.8437551686086237 0.8532548376530057 0.8372483089699894 0.8400048731776565
0.23601509442160493 0.8579728134886097 0.8579728134886097 0.85781565367254 0.8628085644689106 0.8627657948198871 0.8639787195801368 0.8661914026175581 0.8514151373554811 0.8714611606158019
0.13520389774732752 0.7991999654663915 0.8000345797267386 0.7973721839902308 0.7983971993806648 0.8085679268937273 0.8069070470859786 0.8027478716485145 0.8049209471121918 0.7904368948569492
0.10666183320258311 0.7760431548741402 0.7747363236110346 0.7784996989593173 0.7621657383481305 0.7595724482058611 0.8160505495590789 0.7929480815690808 0.7753418543205823 0.7584066859324284
0.05566147066568766 0.8747172605255541 0.8747172605255541 0.8747172605255541 0.8747172605255541 0.8707133567348811 0.87013631967152 0.8667432126211075 0.872801204707434 0.8896083980103189
0.23883723132523016 0.7705269033663621 0.7735243518496325 0.775830413052743 0.7717484946988149 0.7945774946273404 0.7906830048756502 0.7969761693996381 0.7521657117093131 0.7991989809784252
0.13724849538975217 0.7574619335790919 0.7724060070730281 0.7682054110641768 0.7605936508131285 0.768646225552318 0.8078239522632485 0.8137050979887775 0.7618105691947799 0.7657195434585088
0.04293812292102931 0.8578718992369415 0.8578718992369415 0.8578718992369415 0.8561714062086955 0.8448896880936391 0.848082472643568 0.8420396858425728 0.8377451606198107 0.7195089012120753
0.12407679611328219 0.8795762936338324 0.8795762936338324 0.8795762936338324 0.8618198114211125 0.8349704290936996 0.7595022850121879 0.8745782609039482 0.8613569096980238 0.4872983612161108
0.30712802352686386 0.8835674392680147 0.8835674392680147 0.8835674392680147 0.8830407838622477 0.8792772614676148 0.8794003919408117 0.8806479697005393 0.8695933321071209 0.8646223613434513
0.2051508496630159 0.8032726838319704 0.7955072103352122 0.7824195941513507 0.7842320752574395 0.7991112062384561 0.7951316539794006 0.7876949922951013 0.7777387461715491 0.7680910677624265
0.08285786646975375 0.85652047613595 0.8627575032224181 0.8743264026894799 0.8685621497870718 0.8581078966341266 0.8609677610401308 0.8533030556032163 0.7759789673581401 0.7970660002450667
0.05832721615233483 0.72567540541726 0.7238893146436078 0.7263591436081781 0.7188280950715407 0.727838771935153 0.7340309952709078 0.7657247925917932 0.7205153686592901 0.5834531801577145
0.2700207834441581 0.801442495130837 0.8076853695163867 0.8176320536523928 0.8114794883257685 0.82044735824415 0.8479765484666238 0.8505571715220706 0.8080495180105118 0.7440930991270281
0.229312843445018 0.8797535382057831 0.8768868744406051 0.8758817079593545 0.875837692965165 0.9033319866115669 0.9049544669092885 0.9141921303835071 0.8468466018902401 0.8965108789658499
0.22270331210616834 0.8246208573774251 0.8261954356896455 0.8181353221469543 0.8187773237435243 0.819861856168541 0.8352227265753097 0.8458627408052011 0.8337926891005631 0.8173995624805074
0.13884849350380413 0.7052076551655825 0.7366402710725088 0.7482034434312727 0.7729534171762604 0.770278333792625 0.7651339602656911 0.7689438017772229 0.7123583917640174 0.7262458366943972
0.23512880661258398 0.8225059377051643 0.8189153827872476 0.8155313648830519 0.8159384591692261 0.8130756353931453 0.8030812596765147 0.8188223990671765 0.8170224288845307 0.7386304297460509
0.03878937566716799 0.6840762616165055 0.6796429988048005 0.665413314459276 0.6609683120493068 0.6508880065250188 0.6501029932375818 0.655941342425216 0.675561147908022 0.8434913065585973
0.30855464849412084 0.8107893610289719 0.8316957002621743 0.8298987250348161 0.8180186879955341 0.6903087396283857 0.515927173474051 0.33908580984370557 0.8125873779401008 0.8166555607303653
0.3590525906683668 0.8554102564210856 0.8595390784167695 0.8630869057681397 0.8650199884621464 0.6532262703952122 0.4459124896937114 0.5068563517404542 0.8406607548181539 0.8645221247471144
0.07575293139759334 0.8021114498348929 0.8015136242058801 0.8140048412794325 0.78031757468316 0.7503787466001701 0.7488811756151397 0.7347020160561518 0.7954262696653395 0.8105768182213188
0.20703913427000567 0.8593216601236752 0.8565623663415393 0.8537006024654605 0.8573041311593647 0.850910475252206 0.8467356249248766 0.8520800355750436 0.8470878233320741 0.8022511162834576
0.08759130441635887 0.6692746832258156 0.6168033730044238 0.6199741914863309 0.6030795430447173 0.705942007674656 0.6976341168112014 0.7353842760031354 0.5998206653551309 0.5559775676226965
0.26128990951772396 0.8098304358624263 0.799940998227196 0.7996280023212895 0.848453953595933 0.8636689809935386 0.8703812585146761 0.8680426358905519 0.7722334913051451 0.7451540984320882
0.0550824689409005 0.7487054131960083 0.757190127145678 0.8040667247199624 0.7930201982102535 0.7962802779261194 0.7917595363895923 0.8304355126899988 0.7040423937470394 0.7806709494005973
0.35123034339511067 0.8470026602639722 0.8470026602639722 0.8527022845255097 0.8504812719431089 0.8457511792162994 0.8444759867895483 0.8337655996446173 0.8467003717040895 0.8315046557284324
0.24526851646183556 0.7267945062817401 0.7451034827275421 0.7258003667283468 0.7527311007545746 0.7712611714584923 0.7616311074044164 0.7541742799346068 0.712745889061699 0.6746090747203176
0.4211630466508711 0.7859146679195158 0.8031453674587556 0.8016029102243785 0.8121285666921986 0.8058457847112032 0.8098846524599245 0.798341044045867 0.7872535701020489 0.7714153829807024
0.2986166117207133 0.703207185328897 0.7054018200384545 0.7010564731628707 0.6995181767777562 0.6984765372421141 0.7002007170779795 0.6945547693227191 0.6990997385810286 0.7393423538147168
0.5670762751337631 0.5303981768441169 0.5303981768441169 0.5303981768441169 0.5303981768441169 0.5303981768441169 0.5303981768441169 0.5303981768441169 0.5608032230386301 0.7884438467978453
0.3838597474139072 0.8119780650991402 0.8104200326008297 0.8104673456752288 0.8087757701392041 0.8057913395222119 0.8099287717074907 0.8054820695045645 0.794307551196575 0.7963333698274401
0.12711033139050626 0.7484436641058977 0.7506426250569076 0.7566220867973524 0.7594386864449113 0.7614291271518154 0.7469878777472303 0.7382413315250614 0.7606887804836391 0.7408778691455535
0.1596358767897941 0.781316807077745 0.781316807077745 0.7783676946710957 0.7740535359558359 0.7711408415595887 0.7709199072880523 0.7667138373929019 0.7584857256934657 0.7701455691723234
0.6272320427667578 0.8652121671408798 0.8652121671408798 0.6509011387936959 0.8583293050822761 0.858830202816764 0.8583249632105837 0.8564343351621755 0.8432698848579148 0.8398111239465331
0.2614495024185222 0.7771631192927595 0.8236384025212756 0.8231610724825797 0.8370146974362344 0.848504125063087 0.8476319033492884 0.8561917384130194 0.8175452260456902 0.8533027168977029
0.5458811903553648 0.9218923282714359 0.9218923282714359 0.9218923282714359 0.9218923282714359 0.9218923282714359 0.9220254813302894 0.9213887234253245 0.9232847099138638 0.9168670402367068
0.19447370590925916 0.7557109252267837 0.7555214015351607 0.7586282514832018 0.7584728520728886 0.7663157981398713 0.7681460943305817 0.780189334392228 0.7506340440950189 0.7980072564987789
0.2470635060911314 0.8885936501954811 0.8885936501954811 0.8885936501954811 0.8885936501954811 0.8880638654742469 0.8875640034153647 0.8882491401692931 0.8706530284459136 0.8612970913040198
0.30433849654318607 0.8900587712640352 0.8900587712640352 0.887825377595627 0.8820841715133115 0.8829730120782194 0.8816791814129049 0.8776506304972557 0.8978871884574358 0.8241836369764234
0.12363112200983643 0.7897912879853997 0.7908330458234295 0.7919064885486614 0.7782246231380641 0.7726422353896513 0.7672683141329871 0.7672880066872967 0.7895056579467878 0.7398277763113231
0.2022628149392529 0.7736138872212873 0.7914889604638778 0.8377259527315685 0.8380617043319588 0.8394400841767755 0.8453766016107318 0.8458202352002239 0.7868226741301686 0.8074643428686802
